********************************************************************************
Probe Values Report, written on Tue Jun 03 12:31:00 2025

Source
-------

   ODB: C:/lnms/Vid/VF/LinearnaPolja/PoljeU2/PoljeU2.odb
   Step: loading
   Frame: Increment     10: Step Time =    1.000
   Variable: U, All direct

Probe values reported at nodes

  Part Instance     Node ID                     Orig. Coords                                       Def. Coords                   
                                    X                Y                Z                X                Y                Z       
-------------------------------------------------------------------------------------------------------------------------------
    ASSEMBLY           1              30.               0.               0.              30.               0.     -340.282E+36
    ASSEMBLY           2               0.              30.               0.               0.              31.     -340.282E+36
    ASSEMBLY           3             -30.     -1.77636E-15               0.             -30.     -1.77636E-15               0.
    ASSEMBLY           4               0.             -30.               0.               0.             -30.               0.
  SPECIMEN-1           1          16.1612          16.1612               0.          16.2028          16.5117               0.
  SPECIMEN-1           2          7.07107          7.07107               0.          6.98649          7.63624               0.
  SPECIMEN-1           3              10.               0.               0.           9.8973     -40.1024E-06               0.
  SPECIMEN-1           4              25.               0.               0.              25.      2.35015E-36               0.
  SPECIMEN-1           5              25.             12.5               0.              25.             12.5               0.
  SPECIMEN-1           6         -7.07107         -7.07107               0.         -6.98649         -7.63624               0.
  SPECIMEN-1           7         -16.1612         -16.1612               0.         -16.2028         -16.5117               0.
  SPECIMEN-1           8            -12.5             -25.               0.            -12.5             -26.               0.
  SPECIMEN-1           9               0.             -25.               0.     -32.8346E-36             -26.               0.
  SPECIMEN-1          10               0.             -10.               0.     -5.78003E-06         -10.8513               0.
  SPECIMEN-1          11         -16.1612          16.1612               0.         -16.2029          16.5117               0.
  SPECIMEN-1          12         -7.07107          7.07107               0.         -6.98657          7.63636               0.
  SPECIMEN-1          13               0.              10.               0.      5.78003E-06          10.8513               0.
  SPECIMEN-1          14               0.              25.               0.     -2.07586E-36              26.               0.
  SPECIMEN-1          15            -12.5              25.               0.            -12.5              26.               0.
  SPECIMEN-1          16          7.07107         -7.07107               0.          6.98657         -7.63636               0.
  SPECIMEN-1          17          16.1612         -16.1612               0.          16.2029         -16.5117               0.
  SPECIMEN-1          18              25.            -12.5               0.              25.            -12.5               0.
  SPECIMEN-1          19             12.5              25.               0.             12.5              26.               0.
  SPECIMEN-1          20             -25.             12.5               0.             -25.             12.5               0.
  SPECIMEN-1          21             -25.               0.               0.             -25.               0.               0.
  SPECIMEN-1          22             -10.               0.               0.          -9.8973      40.1024E-06               0.
  SPECIMEN-1          23             12.5             -25.               0.             12.5             -26.               0.
  SPECIMEN-1          24             -25.            -12.5               0.             -25.            -12.5               0.
  SPECIMEN-1          25          21.7648          12.9259               0.           21.775          12.9696               0.
  SPECIMEN-1          26            18.75          14.1747               0.          18.7751          14.3373               0.
  SPECIMEN-1          27          14.3431          14.3431               0.          14.3496          14.7612               0.
  SPECIMEN-1          28          12.5251          12.5251               0.          12.5138          12.9723               0.
  SPECIMEN-1          29          10.7071          10.7071               0.          10.6817          11.1752               0.
  SPECIMEN-1          30          8.88909          8.88909               0.          8.84385          9.38615               0.
  SPECIMEN-1          31          8.66025               5.               0.          8.55819          5.38264               0.
  SPECIMEN-1          32          9.65926          2.58819               0.          9.55338          2.77777               0.
  SPECIMEN-1          33              13.               0.               0.          12.8643       20.021E-06               0.
  SPECIMEN-1          34              16.               0.               0.          15.8713      12.2131E-06               0.
  SPECIMEN-1          35              19.               0.               0.          18.8995     -14.4206E-06               0.
  SPECIMEN-1          36              22.               0.               0.          21.9443     -8.49816E-06               0.
  SPECIMEN-1          37              25.            3.125               0.              25.            3.125               0.
  SPECIMEN-1          38              25.             6.25               0.              25.             6.25               0.
  SPECIMEN-1          39              25.            9.375               0.              25.            9.375               0.
  SPECIMEN-1          40         -2.58819         -9.65926               0.         -2.55972         -10.4798               0.
  SPECIMEN-1          41              -5.         -8.66025               0.         -4.94123         -9.37992               0.
  SPECIMEN-1          42         -8.88909         -8.88909               0.         -8.84385         -9.38615               0.
  SPECIMEN-1          43         -10.7071         -10.7071               0.         -10.6817         -11.1752               0.
  SPECIMEN-1          44         -12.5251         -12.5251               0.         -12.5138         -12.9723               0.
  SPECIMEN-1          45         -14.3431         -14.3431               0.         -14.3496         -14.7612               0.
  SPECIMEN-1          46         -14.1747           -18.75               0.         -14.2168         -19.3244               0.
  SPECIMEN-1          47         -12.9259         -21.7648               0.         -12.9371         -22.5654               0.
  SPECIMEN-1          48           -9.375             -25.               0.           -9.375             -26.               0.
  SPECIMEN-1          49            -6.25             -25.               0.            -6.25             -26.               0.
  SPECIMEN-1          50           -3.125             -25.               0.           -3.125             -26.               0.
  SPECIMEN-1          51               0.             -22.               0.     -2.56561E-06         -22.9474               0.
  SPECIMEN-1          52               0.             -19.               0.      7.82885E-06         -19.9084               0.
  SPECIMEN-1          53               0.             -16.               0.      30.3929E-06         -16.8787               0.
  SPECIMEN-1          54               0.             -13.               0.     -7.89342E-06         -13.8616               0.
  SPECIMEN-1          55         -12.9259          21.7648               0.         -12.9371          22.5655               0.
  SPECIMEN-1          56         -14.1747            18.75               0.         -14.2168          19.3245               0.
  SPECIMEN-1          57         -14.3431          14.3431               0.         -14.3496          14.7613               0.
  SPECIMEN-1          58         -12.5251          12.5251               0.         -12.5138          12.9724               0.
  SPECIMEN-1          59         -10.7071          10.7071               0.         -10.6818          11.1752               0.
  SPECIMEN-1          60         -8.88909          8.88909               0.         -8.84388          9.38614               0.
  SPECIMEN-1          61              -5.          8.66025               0.         -4.94137          9.37984               0.
  SPECIMEN-1          62         -2.58819          9.65926               0.         -2.55979          10.4798               0.
  SPECIMEN-1          63               0.              13.               0.      7.89342E-06          13.8616               0.
  SPECIMEN-1          64               0.              16.               0.     -30.3929E-06          16.8787               0.
  SPECIMEN-1          65               0.              19.               0.     -7.82885E-06          19.9084               0.
  SPECIMEN-1          66               0.              22.               0.      2.56561E-06          22.9474               0.
  SPECIMEN-1          67           -3.125              25.               0.           -3.125              26.               0.
  SPECIMEN-1          68            -6.25              25.               0.            -6.25              26.               0.
  SPECIMEN-1          69           -9.375              25.               0.           -9.375              26.               0.
  SPECIMEN-1          70          9.65926         -2.58819               0.          9.55343         -2.77777               0.
  SPECIMEN-1          71          8.66025              -5.               0.          8.55808         -5.38272               0.
  SPECIMEN-1          72          8.88909         -8.88909               0.          8.84388         -9.38614               0.
  SPECIMEN-1          73          10.7071         -10.7071               0.          10.6818         -11.1752               0.
  SPECIMEN-1          74          12.5251         -12.5251               0.          12.5138         -12.9724               0.
  SPECIMEN-1          75          14.3431         -14.3431               0.          14.3496         -14.7613               0.
  SPECIMEN-1          76            18.75         -14.1747               0.          18.7751         -14.3373               0.
  SPECIMEN-1          77          21.7648         -12.9259               0.          21.7751         -12.9696               0.
  SPECIMEN-1          78              25.           -9.375               0.              25.           -9.375               0.
  SPECIMEN-1          79              25.            -6.25               0.              25.            -6.25               0.
  SPECIMEN-1          80              25.           -3.125               0.              25.           -3.125               0.
  SPECIMEN-1          81          2.58819          9.65926               0.          2.55972          10.4798               0.
  SPECIMEN-1          82               5.          8.66025               0.          4.94123          9.37992               0.
  SPECIMEN-1          83          14.1747            18.75               0.          14.2168          19.3244               0.
  SPECIMEN-1          84          12.9259          21.7648               0.          12.9371          22.5654               0.
  SPECIMEN-1          85            9.375              25.               0.            9.375              26.               0.
  SPECIMEN-1          86             6.25              25.               0.             6.25              26.               0.
  SPECIMEN-1          87            3.125              25.               0.            3.125              26.               0.
  SPECIMEN-1          88         -9.65926          2.58819               0.         -9.55343          2.77777               0.
  SPECIMEN-1          89         -8.66025               5.               0.         -8.55808          5.38272               0.
  SPECIMEN-1          90           -18.75          14.1747               0.         -18.7751          14.3373               0.
  SPECIMEN-1          91         -21.7648          12.9259               0.         -21.7751          12.9696               0.
  SPECIMEN-1          92             -25.            9.375               0.             -25.            9.375               0.
  SPECIMEN-1          93             -25.             6.25               0.             -25.             6.25               0.
  SPECIMEN-1          94             -25.            3.125               0.             -25.            3.125               0.
  SPECIMEN-1          95             -22.               0.               0.         -21.9443      8.49816E-06               0.
  SPECIMEN-1          96             -19.               0.               0.         -18.8995      14.4206E-06               0.
  SPECIMEN-1          97             -16.               0.               0.         -15.8713     -12.2131E-06               0.
  SPECIMEN-1          98             -13.               0.               0.         -12.8643      -20.021E-06               0.
  SPECIMEN-1          99          12.9259         -21.7648               0.          12.9371         -22.5655               0.
  SPECIMEN-1         100          14.1747           -18.75               0.          14.2168         -19.3245               0.
  SPECIMEN-1         101               5.         -8.66025               0.          4.94137         -9.37984               0.
  SPECIMEN-1         102          2.58819         -9.65926               0.          2.55979         -10.4798               0.
  SPECIMEN-1         103            3.125             -25.               0.            3.125             -26.               0.
  SPECIMEN-1         104             6.25             -25.               0.             6.25             -26.               0.
  SPECIMEN-1         105            9.375             -25.               0.            9.375             -26.               0.
  SPECIMEN-1         106         -21.7648         -12.9259               0.          -21.775         -12.9696               0.
  SPECIMEN-1         107           -18.75         -14.1747               0.         -18.7751         -14.3373               0.
  SPECIMEN-1         108         -8.66025              -5.               0.         -8.55819         -5.38264               0.
  SPECIMEN-1         109         -9.65926         -2.58819               0.         -9.55338         -2.77777               0.
  SPECIMEN-1         110             -25.           -3.125               0.             -25.           -3.125               0.
  SPECIMEN-1         111             -25.            -6.25               0.             -25.            -6.25               0.
  SPECIMEN-1         112             -25.           -9.375               0.             -25.           -9.375               0.
  SPECIMEN-1         113          16.4995          8.59539               0.          16.4195          8.77002               0.
  SPECIMEN-1         114           17.741          11.8642               0.          17.7083          12.0543               0.
  SPECIMEN-1         115          10.7478          6.08597               0.          10.6502          6.39558               0.
  SPECIMEN-1         116          13.2016          7.25376               0.          13.1105          7.50958               0.
  SPECIMEN-1         117          17.9619          3.95541               0.           17.861          4.01803               0.
  SPECIMEN-1         118          21.0917          7.19719               0.          21.0384          7.23993               0.
  SPECIMEN-1         119          12.0647          3.07518               0.          11.9376          3.21605               0.
  SPECIMEN-1         120           14.807          3.57109               0.          14.6823          3.67246               0.
  SPECIMEN-1         121          21.5134           3.5694               0.          21.4538          3.58854               0.
  SPECIMEN-1         122          21.3994          10.3406               0.          21.3675          10.3893               0.
  SPECIMEN-1         123         -8.60075         -16.5154               0.         -8.64912          -17.249               0.
  SPECIMEN-1         124         -7.26548          -13.239               0.         -7.28981         -13.9297               0.
  SPECIMEN-1         125         -6.06003         -10.7217               0.         -6.05619         -11.4096               0.
  SPECIMEN-1         126         -11.8656          -17.745               0.         -11.9112         -18.3968               0.
  SPECIMEN-1         127         -7.19853         -21.0957               0.         -7.24045         -21.9812               0.
  SPECIMEN-1         128         -3.96194         -17.9826               0.         -3.99441         -18.8501               0.
  SPECIMEN-1         129         -10.3413         -21.4013               0.         -10.3823         -22.2492               0.
  SPECIMEN-1         130         -3.57137         -21.5196               0.         -3.59569         -22.4488               0.
  SPECIMEN-1         131         -3.57825           -14.83               0.         -3.60544         -15.6614               0.
  SPECIMEN-1         132         -3.05662         -12.0527               0.         -3.06732         -12.8708               0.
  SPECIMEN-1         133         -8.59539          16.4995               0.         -8.64368          17.2329               0.
  SPECIMEN-1         134         -11.8642           17.741               0.         -11.9099          18.3927               0.
  SPECIMEN-1         135         -6.08597          10.7478               0.         -6.08257           11.435               0.
  SPECIMEN-1         136         -7.25376          13.2016               0.         -7.27779          13.8918               0.
  SPECIMEN-1         137         -3.95541          17.9619               0.         -3.98785          18.8292               0.
  SPECIMEN-1         138         -7.19719          21.0917               0.         -7.23914          21.9771               0.
  SPECIMEN-1         139         -3.07518          12.0647               0.         -3.08601          12.8825               0.
  SPECIMEN-1         140         -3.57109           14.807               0.         -3.59821          15.6383               0.
  SPECIMEN-1         141          -3.5694          21.5134               0.         -3.59374          22.4426               0.
  SPECIMEN-1         142         -10.3406          21.3994               0.         -10.3816          22.2472               0.
  SPECIMEN-1         143          16.5154         -8.60075               0.          16.4354         -8.77495               0.
  SPECIMEN-1         144           13.239         -7.26548               0.          13.1481         -7.52039               0.
  SPECIMEN-1         145          10.7217         -6.06003               0.          10.6239         -6.36987               0.
  SPECIMEN-1         146           17.745         -11.8656               0.          17.7123         -12.0554               0.
  SPECIMEN-1         147          21.0957         -7.19853               0.          21.0424         -7.24122               0.
  SPECIMEN-1         148          17.9826         -3.96194               0.          17.8819         -4.02437               0.
  SPECIMEN-1         149          21.4013         -10.3413               0.          21.3695           -10.39               0.
  SPECIMEN-1         150          21.5196         -3.57137               0.            21.46         -3.59047               0.
  SPECIMEN-1         151            14.83         -3.57825               0.          14.7053         -3.67947               0.
  SPECIMEN-1         152          12.0527         -3.05662               0.          11.9256         -3.19701               0.
  SPECIMEN-1         153          8.60075          16.5154               0.          8.64912           17.249               0.
  SPECIMEN-1         154          7.26548           13.239               0.          7.28981          13.9297               0.
  SPECIMEN-1         155          6.06003          10.7217               0.          6.05619          11.4096               0.
  SPECIMEN-1         156          11.8656           17.745               0.          11.9112          18.3968               0.
  SPECIMEN-1         157          7.19853          21.0957               0.          7.24045          21.9812               0.
  SPECIMEN-1         158          3.96194          17.9826               0.          3.99441          18.8501               0.
  SPECIMEN-1         159          10.3413          21.4013               0.          10.3823          22.2492               0.
  SPECIMEN-1         160          3.57137          21.5196               0.          3.59569          22.4488               0.
  SPECIMEN-1         161          3.57825            14.83               0.          3.60544          15.6614               0.
  SPECIMEN-1         162          3.05662          12.0527               0.          3.06732          12.8708               0.
  SPECIMEN-1         163         -16.5154          8.60075               0.         -16.4354          8.77495               0.
  SPECIMEN-1         164          -13.239          7.26548               0.         -13.1481          7.52039               0.
  SPECIMEN-1         165         -10.7217          6.06003               0.         -10.6239          6.36987               0.
  SPECIMEN-1         166          -17.745          11.8656               0.         -17.7123          12.0554               0.
  SPECIMEN-1         167         -21.0957          7.19853               0.         -21.0424          7.24122               0.
  SPECIMEN-1         168         -17.9826          3.96194               0.         -17.8819          4.02437               0.
  SPECIMEN-1         169         -21.4013          10.3413               0.         -21.3695            10.39               0.
  SPECIMEN-1         170         -21.5196          3.57137               0.           -21.46          3.59047               0.
  SPECIMEN-1         171           -14.83          3.57825               0.         -14.7053          3.67947               0.
  SPECIMEN-1         172         -12.0527          3.05662               0.         -11.9256          3.19701               0.
  SPECIMEN-1         173          8.59539         -16.4995               0.          8.64368         -17.2329               0.
  SPECIMEN-1         174          11.8642          -17.741               0.          11.9099         -18.3927               0.
  SPECIMEN-1         175          6.08597         -10.7478               0.          6.08257          -11.435               0.
  SPECIMEN-1         176          7.25376         -13.2016               0.          7.27779         -13.8918               0.
  SPECIMEN-1         177          3.95541         -17.9619               0.          3.98785         -18.8292               0.
  SPECIMEN-1         178          7.19719         -21.0917               0.          7.23914         -21.9771               0.
  SPECIMEN-1         179          3.07518         -12.0647               0.          3.08601         -12.8825               0.
  SPECIMEN-1         180          3.57109          -14.807               0.          3.59821         -15.6383               0.
  SPECIMEN-1         181           3.5694         -21.5134               0.          3.59374         -22.4426               0.
  SPECIMEN-1         182          10.3406         -21.3994               0.          10.3816         -22.2472               0.
  SPECIMEN-1         183         -16.4995         -8.59539               0.         -16.4195         -8.77002               0.
  SPECIMEN-1         184          -17.741         -11.8642               0.         -17.7083         -12.0543               0.
  SPECIMEN-1         185         -10.7478         -6.08597               0.         -10.6502         -6.39558               0.
  SPECIMEN-1         186         -13.2016         -7.25376               0.         -13.1105         -7.50958               0.
  SPECIMEN-1         187         -17.9619         -3.95541               0.          -17.861         -4.01803               0.
  SPECIMEN-1         188         -21.0917         -7.19719               0.         -21.0384         -7.23993               0.
  SPECIMEN-1         189         -12.0647         -3.07518               0.         -11.9376         -3.21605               0.
  SPECIMEN-1         190          -14.807         -3.57109               0.         -14.6823         -3.67246               0.
  SPECIMEN-1         191         -21.5134          -3.5694               0.         -21.4538         -3.58854               0.
  SPECIMEN-1         192         -21.3994         -10.3406               0.         -21.3675         -10.3893               0.


  Part Instance     Node ID  Attached elements            U, U1            U, U2
---------------------------------------------------------------------------------
    ASSEMBLY           1           Elem-1      -239.89E-39              -0.
    ASSEMBLY           2           Elem-1               0.               1.
    ASSEMBLY           3           Elem-1          NoValue          NoValue
    ASSEMBLY           4           Elem-1          NoValue          NoValue
  SPECIMEN-1           1                1      41.6504E-03      350.502E-03
  SPECIMEN-1           1               81      41.6504E-03      350.502E-03
  SPECIMEN-1           2                5     -84.5797E-03      565.167E-03
  SPECIMEN-1           2               77     -84.5797E-03      565.167E-03
  SPECIMEN-1           3                7     -102.696E-03     -40.1024E-06
  SPECIMEN-1           3               73     -102.696E-03     -40.1024E-06
  SPECIMEN-1           4               13      -239.89E-39      2.35015E-36
  SPECIMEN-1           4               68      -239.89E-39      2.35015E-36
  SPECIMEN-1           5               17      -239.89E-39              -0.
  SPECIMEN-1           6               20      84.5797E-03     -565.167E-03
  SPECIMEN-1           6              138      84.5797E-03     -565.167E-03
  SPECIMEN-1           7               24     -41.6504E-03     -350.502E-03
  SPECIMEN-1           7              134     -41.6504E-03     -350.502E-03
  SPECIMEN-1           8               26      17.2546E-39              -1.
  SPECIMEN-1           9               30     -32.8346E-36              -1.
  SPECIMEN-1           9              127     -32.8346E-36              -1.
  SPECIMEN-1          10               35     -5.78003E-06     -851.252E-03
  SPECIMEN-1          10              121     -5.78003E-06     -851.252E-03
  SPECIMEN-1          11               39     -41.6954E-03      350.551E-03
  SPECIMEN-1          11              100     -41.6954E-03      350.551E-03
  SPECIMEN-1          12               43      84.4989E-03      565.293E-03
  SPECIMEN-1          12               96      84.4989E-03      565.293E-03
  SPECIMEN-1          13               45      5.78003E-06      851.252E-03
  SPECIMEN-1          13               92      5.78003E-06      851.252E-03
  SPECIMEN-1          14               51     -2.07586E-36               1.
  SPECIMEN-1          14               87     -2.07586E-36               1.
  SPECIMEN-1          15               55               0.               1.
  SPECIMEN-1          16               58     -84.4989E-03     -565.293E-03
  SPECIMEN-1          16              119     -84.4989E-03     -565.293E-03
  SPECIMEN-1          17               62      41.6954E-03     -350.551E-03
  SPECIMEN-1          17              115      41.6954E-03     -350.551E-03
  SPECIMEN-1          18               64      -239.89E-39              -0.
  SPECIMEN-1          19               83               0.               1.
  SPECIMEN-1          20              102       281.85E-39      -599.75E-27
  SPECIMEN-1          21              106       281.85E-39              -0.
  SPECIMEN-1          21              146       281.85E-39              -0.
  SPECIMEN-1          22              111      102.696E-03      40.1024E-06
  SPECIMEN-1          22              140      102.696E-03      40.1024E-06
  SPECIMEN-1          23              131      17.2546E-39              -1.
  SPECIMEN-1          24              150       281.85E-39      -599.75E-27
  SPECIMEN-1          25               17      10.2808E-03      43.6873E-03
  SPECIMEN-1          25               19      10.2808E-03      43.6873E-03
  SPECIMEN-1          26                1      25.0788E-03      162.645E-03
  SPECIMEN-1          26               19      25.0788E-03      162.645E-03
  SPECIMEN-1          27                1      6.44891E-03      418.085E-03
  SPECIMEN-1          27                2      6.44891E-03      418.085E-03
  SPECIMEN-1          27               80      6.44891E-03      418.085E-03
  SPECIMEN-1          27               81      6.44891E-03      418.085E-03
  SPECIMEN-1          28                2     -11.3494E-03      447.213E-03
  SPECIMEN-1          28                3     -11.3494E-03      447.213E-03
  SPECIMEN-1          28               79     -11.3494E-03      447.213E-03
  SPECIMEN-1          28               80     -11.3494E-03      447.213E-03
  SPECIMEN-1          29                3     -25.3603E-03      468.117E-03
  SPECIMEN-1          29                4     -25.3603E-03      468.117E-03
  SPECIMEN-1          29               78     -25.3603E-03      468.117E-03
  SPECIMEN-1          29               79     -25.3603E-03      468.117E-03
  SPECIMEN-1          30                4     -45.2327E-03      497.062E-03
  SPECIMEN-1          30                5     -45.2327E-03      497.062E-03
  SPECIMEN-1          30               77     -45.2327E-03      497.062E-03
  SPECIMEN-1          30               78     -45.2327E-03      497.062E-03
  SPECIMEN-1          31                5     -102.068E-03      382.639E-03
  SPECIMEN-1          31                6     -102.068E-03      382.639E-03
  SPECIMEN-1          32                6     -105.874E-03       189.58E-03
  SPECIMEN-1          32                7     -105.874E-03       189.58E-03
  SPECIMEN-1          33                7     -135.694E-03       20.021E-06
  SPECIMEN-1          33                9     -135.694E-03       20.021E-06
  SPECIMEN-1          33               72     -135.694E-03       20.021E-06
  SPECIMEN-1          33               73     -135.694E-03       20.021E-06
  SPECIMEN-1          34                9     -128.673E-03      12.2131E-06
  SPECIMEN-1          34               11     -128.673E-03      12.2131E-06
  SPECIMEN-1          34               71     -128.673E-03      12.2131E-06
  SPECIMEN-1          34               72     -128.673E-03      12.2131E-06
  SPECIMEN-1          35               11      -100.46E-03     -14.4206E-06
  SPECIMEN-1          35               12      -100.46E-03     -14.4206E-06
  SPECIMEN-1          35               70      -100.46E-03     -14.4206E-06
  SPECIMEN-1          35               71      -100.46E-03     -14.4206E-06
  SPECIMEN-1          36               12     -55.6843E-03     -8.49816E-06
  SPECIMEN-1          36               13     -55.6843E-03     -8.49816E-06
  SPECIMEN-1          36               68     -55.6843E-03     -8.49816E-06
  SPECIMEN-1          36               70     -55.6843E-03     -8.49816E-06
  SPECIMEN-1          37               13      -239.89E-39              -0.
  SPECIMEN-1          37               15      -239.89E-39              -0.
  SPECIMEN-1          38               15      -239.89E-39              -0.
  SPECIMEN-1          38               16      -239.89E-39              -0.
  SPECIMEN-1          39               16      -239.89E-39              -0.
  SPECIMEN-1          39               17      -239.89E-39              -0.
  SPECIMEN-1          40               35      28.4722E-03     -820.589E-03
  SPECIMEN-1          40               38      28.4722E-03     -820.589E-03
  SPECIMEN-1          41               20      58.7697E-03      -719.66E-03
  SPECIMEN-1          41               38      58.7697E-03      -719.66E-03
  SPECIMEN-1          42               20      45.2327E-03     -497.062E-03
  SPECIMEN-1          42               21      45.2327E-03     -497.062E-03
  SPECIMEN-1          42              137      45.2327E-03     -497.062E-03
  SPECIMEN-1          42              138      45.2327E-03     -497.062E-03
  SPECIMEN-1          43               21      25.3603E-03     -468.117E-03
  SPECIMEN-1          43               22      25.3603E-03     -468.117E-03
  SPECIMEN-1          43              136      25.3603E-03     -468.117E-03
  SPECIMEN-1          43              137      25.3603E-03     -468.117E-03
  SPECIMEN-1          44               22      11.3494E-03     -447.213E-03
  SPECIMEN-1          44               23      11.3494E-03     -447.213E-03
  SPECIMEN-1          44              135      11.3494E-03     -447.213E-03
  SPECIMEN-1          44              136      11.3494E-03     -447.213E-03
  SPECIMEN-1          45               23     -6.44891E-03     -418.085E-03
  SPECIMEN-1          45               24     -6.44891E-03     -418.085E-03
  SPECIMEN-1          45              134     -6.44891E-03     -418.085E-03
  SPECIMEN-1          45              135     -6.44891E-03     -418.085E-03
  SPECIMEN-1          46               24     -42.1071E-03     -574.437E-03
  SPECIMEN-1          46               25     -42.1071E-03     -574.437E-03
  SPECIMEN-1          47               25     -11.1558E-03      -800.68E-03
  SPECIMEN-1          47               26     -11.1558E-03      -800.68E-03
  SPECIMEN-1          48               26      17.2546E-39              -1.
  SPECIMEN-1          48               28      17.2546E-39              -1.
  SPECIMEN-1          49               28      17.2546E-39              -1.
  SPECIMEN-1          49               29      17.2546E-39              -1.
  SPECIMEN-1          50               29      17.2546E-39              -1.
  SPECIMEN-1          50               30      17.2546E-39              -1.
  SPECIMEN-1          51               30     -2.56561E-06     -947.402E-03
  SPECIMEN-1          51               32     -2.56561E-06     -947.402E-03
  SPECIMEN-1          51              126     -2.56561E-06     -947.402E-03
  SPECIMEN-1          51              127     -2.56561E-06     -947.402E-03
  SPECIMEN-1          52               32      7.82885E-06     -908.382E-03
  SPECIMEN-1          52               33      7.82885E-06     -908.382E-03
  SPECIMEN-1          52              125      7.82885E-06     -908.382E-03
  SPECIMEN-1          52              126      7.82885E-06     -908.382E-03
  SPECIMEN-1          53               33      30.3929E-06     -878.749E-03
  SPECIMEN-1          53               34      30.3929E-06     -878.749E-03
  SPECIMEN-1          53              123      30.3929E-06     -878.749E-03
  SPECIMEN-1          53              125      30.3929E-06     -878.749E-03
  SPECIMEN-1          54               34     -7.89342E-06     -861.634E-03
  SPECIMEN-1          54               35     -7.89342E-06     -861.634E-03
  SPECIMEN-1          54              121     -7.89342E-06     -861.634E-03
  SPECIMEN-1          54              123     -7.89342E-06     -861.634E-03
  SPECIMEN-1          55               55     -11.1632E-03      800.689E-03
  SPECIMEN-1          55               57     -11.1632E-03      800.689E-03
  SPECIMEN-1          56               39     -42.0939E-03      574.468E-03
  SPECIMEN-1          56               57     -42.0939E-03      574.468E-03
  SPECIMEN-1          57               39     -6.48483E-03       418.14E-03
  SPECIMEN-1          57               40     -6.48483E-03       418.14E-03
  SPECIMEN-1          57               99     -6.48483E-03       418.14E-03
  SPECIMEN-1          57              100     -6.48483E-03       418.14E-03
  SPECIMEN-1          58               40      11.3349E-03      447.254E-03
  SPECIMEN-1          58               41      11.3349E-03      447.254E-03
  SPECIMEN-1          58               98      11.3349E-03      447.254E-03
  SPECIMEN-1          58               99      11.3349E-03      447.254E-03
  SPECIMEN-1          59               41      25.3467E-03       468.09E-03
  SPECIMEN-1          59               42      25.3467E-03       468.09E-03
  SPECIMEN-1          59               97      25.3467E-03       468.09E-03
  SPECIMEN-1          59               98      25.3467E-03       468.09E-03
  SPECIMEN-1          60               42      45.2079E-03      497.057E-03
  SPECIMEN-1          60               43      45.2079E-03      497.057E-03
  SPECIMEN-1          60               96      45.2079E-03      497.057E-03
  SPECIMEN-1          60               97      45.2079E-03      497.057E-03
  SPECIMEN-1          61               43      58.6342E-03      719.586E-03
  SPECIMEN-1          61               44      58.6342E-03      719.586E-03
  SPECIMEN-1          62               44      28.4001E-03      820.533E-03
  SPECIMEN-1          62               45      28.4001E-03      820.533E-03
  SPECIMEN-1          63               45      7.89342E-06      861.634E-03
  SPECIMEN-1          63               47      7.89342E-06      861.634E-03
  SPECIMEN-1          63               91      7.89342E-06      861.634E-03
  SPECIMEN-1          63               92      7.89342E-06      861.634E-03
  SPECIMEN-1          64               47     -30.3929E-06      878.749E-03
  SPECIMEN-1          64               49     -30.3929E-06      878.749E-03
  SPECIMEN-1          64               90     -30.3929E-06      878.749E-03
  SPECIMEN-1          64               91     -30.3929E-06      878.749E-03
  SPECIMEN-1          65               49     -7.82885E-06      908.382E-03
  SPECIMEN-1          65               50     -7.82885E-06      908.382E-03
  SPECIMEN-1          65               89     -7.82885E-06      908.382E-03
  SPECIMEN-1          65               90     -7.82885E-06      908.382E-03
  SPECIMEN-1          66               50      2.56561E-06      947.402E-03
  SPECIMEN-1          66               51      2.56561E-06      947.402E-03
  SPECIMEN-1          66               87      2.56561E-06      947.402E-03
  SPECIMEN-1          66               89      2.56561E-06      947.402E-03
  SPECIMEN-1          67               51               0.               1.
  SPECIMEN-1          67               53               0.               1.
  SPECIMEN-1          68               53               0.               1.
  SPECIMEN-1          68               54               0.               1.
  SPECIMEN-1          69               54               0.               1.
  SPECIMEN-1          69               55               0.               1.
  SPECIMEN-1          70               73     -105.831E-03     -189.576E-03
  SPECIMEN-1          70               76     -105.831E-03     -189.576E-03
  SPECIMEN-1          71               58     -102.171E-03     -382.717E-03
  SPECIMEN-1          71               76     -102.171E-03     -382.717E-03
  SPECIMEN-1          72               58     -45.2079E-03     -497.057E-03
  SPECIMEN-1          72               59     -45.2079E-03     -497.057E-03
  SPECIMEN-1          72              118     -45.2079E-03     -497.057E-03
  SPECIMEN-1          72              119     -45.2079E-03     -497.057E-03
  SPECIMEN-1          73               59     -25.3467E-03      -468.09E-03
  SPECIMEN-1          73               60     -25.3467E-03      -468.09E-03
  SPECIMEN-1          73              117     -25.3467E-03      -468.09E-03
  SPECIMEN-1          73              118     -25.3467E-03      -468.09E-03
  SPECIMEN-1          74               60     -11.3349E-03     -447.254E-03
  SPECIMEN-1          74               61     -11.3349E-03     -447.254E-03
  SPECIMEN-1          74              116     -11.3349E-03     -447.254E-03
  SPECIMEN-1          74              117     -11.3349E-03     -447.254E-03
  SPECIMEN-1          75               61      6.48483E-03      -418.14E-03
  SPECIMEN-1          75               62      6.48483E-03      -418.14E-03
  SPECIMEN-1          75              115      6.48483E-03      -418.14E-03
  SPECIMEN-1          75              116      6.48483E-03      -418.14E-03
  SPECIMEN-1          76               62       25.119E-03     -162.625E-03
  SPECIMEN-1          76               63       25.119E-03     -162.625E-03
  SPECIMEN-1          77               63       10.298E-03     -43.6746E-03
  SPECIMEN-1          77               64       10.298E-03     -43.6746E-03
  SPECIMEN-1          78               64      -239.89E-39              -0.
  SPECIMEN-1          78               66      -239.89E-39              -0.
  SPECIMEN-1          79               66      -239.89E-39              -0.
  SPECIMEN-1          79               67      -239.89E-39              -0.
  SPECIMEN-1          80               67      -239.89E-39              -0.
  SPECIMEN-1          80               68      -239.89E-39              -0.
  SPECIMEN-1          81               92     -28.4722E-03      820.589E-03
  SPECIMEN-1          81               95     -28.4722E-03      820.589E-03
  SPECIMEN-1          82               77     -58.7697E-03       719.66E-03
  SPECIMEN-1          82               95     -58.7697E-03       719.66E-03
  SPECIMEN-1          83               81      42.1071E-03      574.437E-03
  SPECIMEN-1          83               82      42.1071E-03      574.437E-03
  SPECIMEN-1          84               82      11.1558E-03       800.68E-03
  SPECIMEN-1          84               83      11.1558E-03       800.68E-03
  SPECIMEN-1          85               83               0.               1.
  SPECIMEN-1          85               85               0.               1.
  SPECIMEN-1          86               85               0.               1.
  SPECIMEN-1          86               86               0.               1.
  SPECIMEN-1          87               86               0.               1.
  SPECIMEN-1          87               87               0.               1.
  SPECIMEN-1          88              111      105.831E-03      189.576E-03
  SPECIMEN-1          88              114      105.831E-03      189.576E-03
  SPECIMEN-1          89               96      102.171E-03      382.717E-03
  SPECIMEN-1          89              114      102.171E-03      382.717E-03
  SPECIMEN-1          90              100      -25.119E-03      162.625E-03
  SPECIMEN-1          90              101      -25.119E-03      162.625E-03
  SPECIMEN-1          91              101      -10.298E-03      43.6746E-03
  SPECIMEN-1          91              102      -10.298E-03      43.6746E-03
  SPECIMEN-1          92              102       281.85E-39      -599.75E-27
  SPECIMEN-1          92              104       281.85E-39      -599.75E-27
  SPECIMEN-1          93              104       281.85E-39      -599.75E-27
  SPECIMEN-1          93              105       281.85E-39      -599.75E-27
  SPECIMEN-1          94              105       281.85E-39      -599.75E-27
  SPECIMEN-1          94              106       281.85E-39      -599.75E-27
  SPECIMEN-1          95              106      55.6843E-03      8.49816E-06
  SPECIMEN-1          95              108      55.6843E-03      8.49816E-06
  SPECIMEN-1          95              145      55.6843E-03      8.49816E-06
  SPECIMEN-1          95              146      55.6843E-03      8.49816E-06
  SPECIMEN-1          96              108       100.46E-03      14.4206E-06
  SPECIMEN-1          96              109       100.46E-03      14.4206E-06
  SPECIMEN-1          96              144       100.46E-03      14.4206E-06
  SPECIMEN-1          96              145       100.46E-03      14.4206E-06
  SPECIMEN-1          97              109      128.673E-03     -12.2131E-06
  SPECIMEN-1          97              110      128.673E-03     -12.2131E-06
  SPECIMEN-1          97              142      128.673E-03     -12.2131E-06
  SPECIMEN-1          97              144      128.673E-03     -12.2131E-06
  SPECIMEN-1          98              110      135.694E-03      -20.021E-06
  SPECIMEN-1          98              111      135.694E-03      -20.021E-06
  SPECIMEN-1          98              140      135.694E-03      -20.021E-06
  SPECIMEN-1          98              142      135.694E-03      -20.021E-06
  SPECIMEN-1          99              131      11.1632E-03     -800.689E-03
  SPECIMEN-1          99              133      11.1632E-03     -800.689E-03
  SPECIMEN-1         100              115      42.0939E-03     -574.468E-03
  SPECIMEN-1         100              133      42.0939E-03     -574.468E-03
  SPECIMEN-1         101              119     -58.6342E-03     -719.586E-03
  SPECIMEN-1         101              120     -58.6342E-03     -719.586E-03
  SPECIMEN-1         102              120     -28.4001E-03     -820.533E-03
  SPECIMEN-1         102              121     -28.4001E-03     -820.533E-03
  SPECIMEN-1         103              127      17.2546E-39              -1.
  SPECIMEN-1         103              129      17.2546E-39              -1.
  SPECIMEN-1         104              129      17.2546E-39              -1.
  SPECIMEN-1         104              130      17.2546E-39              -1.
  SPECIMEN-1         105              130      17.2546E-39              -1.
  SPECIMEN-1         105              131      17.2546E-39              -1.
  SPECIMEN-1         106              150     -10.2808E-03     -43.6873E-03
  SPECIMEN-1         106              152     -10.2808E-03     -43.6873E-03
  SPECIMEN-1         107              134     -25.0788E-03     -162.645E-03
  SPECIMEN-1         107              152     -25.0788E-03     -162.645E-03
  SPECIMEN-1         108              138      102.068E-03     -382.639E-03
  SPECIMEN-1         108              139      102.068E-03     -382.639E-03
  SPECIMEN-1         109              139      105.874E-03      -189.58E-03
  SPECIMEN-1         109              140      105.874E-03      -189.58E-03
  SPECIMEN-1         110              146       281.85E-39      -599.75E-27
  SPECIMEN-1         110              148       281.85E-39      -599.75E-27
  SPECIMEN-1         111              148       281.85E-39      -599.75E-27
  SPECIMEN-1         111              149       281.85E-39      -599.75E-27
  SPECIMEN-1         112              149       281.85E-39      -599.75E-27
  SPECIMEN-1         112              150       281.85E-39      -599.75E-27
  SPECIMEN-1         113                2     -80.0937E-03      174.628E-03
  SPECIMEN-1         113                3     -80.0937E-03      174.628E-03
  SPECIMEN-1         113               10     -80.0937E-03      174.628E-03
  SPECIMEN-1         113               14     -80.0937E-03      174.628E-03
  SPECIMEN-1         113               18     -80.0937E-03      174.628E-03
  SPECIMEN-1         114                1     -32.7519E-03      190.037E-03
  SPECIMEN-1         114                2     -32.7519E-03      190.037E-03
  SPECIMEN-1         114               18     -32.7519E-03      190.037E-03
  SPECIMEN-1         114               19     -32.7519E-03      190.037E-03
  SPECIMEN-1         115                4     -97.5547E-03      309.616E-03
  SPECIMEN-1         115                5     -97.5547E-03      309.616E-03
  SPECIMEN-1         115                6     -97.5547E-03      309.616E-03
  SPECIMEN-1         115                8     -97.5547E-03      309.616E-03
  SPECIMEN-1         116                3     -91.0826E-03      255.818E-03
  SPECIMEN-1         116                4     -91.0826E-03      255.818E-03
  SPECIMEN-1         116                8     -91.0826E-03      255.818E-03
  SPECIMEN-1         116               10     -91.0826E-03      255.818E-03
  SPECIMEN-1         117               10     -100.879E-03      62.6164E-03
  SPECIMEN-1         117               11     -100.879E-03      62.6164E-03
  SPECIMEN-1         117               12     -100.879E-03      62.6164E-03
  SPECIMEN-1         117               14     -100.879E-03      62.6164E-03
  SPECIMEN-1         118               14     -53.2803E-03      42.7331E-03
  SPECIMEN-1         118               15     -53.2803E-03      42.7331E-03
  SPECIMEN-1         118               16     -53.2803E-03      42.7331E-03
  SPECIMEN-1         118               18     -53.2803E-03      42.7331E-03
  SPECIMEN-1         119                6     -127.128E-03      140.873E-03
  SPECIMEN-1         119                7     -127.128E-03      140.873E-03
  SPECIMEN-1         119                8     -127.128E-03      140.873E-03
  SPECIMEN-1         119                9     -127.128E-03      140.873E-03
  SPECIMEN-1         120                8     -124.769E-03      101.376E-03
  SPECIMEN-1         120                9     -124.769E-03      101.376E-03
  SPECIMEN-1         120               10     -124.769E-03      101.376E-03
  SPECIMEN-1         120               11     -124.769E-03      101.376E-03
  SPECIMEN-1         121               12     -59.6258E-03      19.1417E-03
  SPECIMEN-1         121               13     -59.6258E-03      19.1417E-03
  SPECIMEN-1         121               14     -59.6258E-03      19.1417E-03
  SPECIMEN-1         121               15     -59.6258E-03      19.1417E-03
  SPECIMEN-1         122               16     -31.8623E-03      48.7448E-03
  SPECIMEN-1         122               17     -31.8623E-03      48.7448E-03
  SPECIMEN-1         122               18     -31.8623E-03      48.7448E-03
  SPECIMEN-1         122               19     -31.8623E-03      48.7448E-03
  SPECIMEN-1         123               22     -48.3611E-03     -733.659E-03
  SPECIMEN-1         123               23     -48.3611E-03     -733.659E-03
  SPECIMEN-1         123               27     -48.3611E-03     -733.659E-03
  SPECIMEN-1         123               31     -48.3611E-03     -733.659E-03
  SPECIMEN-1         123               36     -48.3611E-03     -733.659E-03
  SPECIMEN-1         124               21      -24.336E-03     -690.632E-03
  SPECIMEN-1         124               22      -24.336E-03     -690.632E-03
  SPECIMEN-1         124               36      -24.336E-03     -690.632E-03
  SPECIMEN-1         124               37      -24.336E-03     -690.632E-03
  SPECIMEN-1         125               20      3.84157E-03     -687.914E-03
  SPECIMEN-1         125               21      3.84157E-03     -687.914E-03
  SPECIMEN-1         125               37      3.84157E-03     -687.914E-03
  SPECIMEN-1         125               38      3.84157E-03     -687.914E-03
  SPECIMEN-1         126               23     -45.6446E-03     -651.816E-03
  SPECIMEN-1         126               24     -45.6446E-03     -651.816E-03
  SPECIMEN-1         126               25     -45.6446E-03     -651.816E-03
  SPECIMEN-1         126               27     -45.6446E-03     -651.816E-03
  SPECIMEN-1         127               27     -41.9177E-03     -885.513E-03
  SPECIMEN-1         127               28     -41.9177E-03     -885.513E-03
  SPECIMEN-1         127               29     -41.9177E-03     -885.513E-03
  SPECIMEN-1         127               31     -41.9177E-03     -885.513E-03
  SPECIMEN-1         128               31     -32.4649E-03     -867.566E-03
  SPECIMEN-1         128               32     -32.4649E-03     -867.566E-03
  SPECIMEN-1         128               33     -32.4649E-03     -867.566E-03
  SPECIMEN-1         128               36     -32.4649E-03     -867.566E-03
  SPECIMEN-1         129               25     -41.0394E-03      -847.89E-03
  SPECIMEN-1         129               26     -41.0394E-03      -847.89E-03
  SPECIMEN-1         129               27     -41.0394E-03      -847.89E-03
  SPECIMEN-1         129               28     -41.0394E-03      -847.89E-03
  SPECIMEN-1         130               29     -24.3229E-03      -929.28E-03
  SPECIMEN-1         130               30     -24.3229E-03      -929.28E-03
  SPECIMEN-1         130               31     -24.3229E-03      -929.28E-03
  SPECIMEN-1         130               32     -24.3229E-03      -929.28E-03
  SPECIMEN-1         131               33      -27.198E-03     -831.425E-03
  SPECIMEN-1         131               34      -27.198E-03     -831.425E-03
  SPECIMEN-1         131               36      -27.198E-03     -831.425E-03
  SPECIMEN-1         131               37      -27.198E-03     -831.425E-03
  SPECIMEN-1         132               34     -10.7025E-03     -818.127E-03
  SPECIMEN-1         132               35     -10.7025E-03     -818.127E-03
  SPECIMEN-1         132               37     -10.7025E-03     -818.127E-03
  SPECIMEN-1         132               38     -10.7025E-03     -818.127E-03
  SPECIMEN-1         133               40     -48.2926E-03      733.379E-03
  SPECIMEN-1         133               41     -48.2926E-03      733.379E-03
  SPECIMEN-1         133               48     -48.2926E-03      733.379E-03
  SPECIMEN-1         133               52     -48.2926E-03      733.379E-03
  SPECIMEN-1         133               56     -48.2926E-03      733.379E-03
  SPECIMEN-1         134               39     -45.6279E-03      651.744E-03
  SPECIMEN-1         134               40     -45.6279E-03      651.744E-03
  SPECIMEN-1         134               56     -45.6279E-03      651.744E-03
  SPECIMEN-1         134               57     -45.6279E-03      651.744E-03
  SPECIMEN-1         135               42      3.39439E-03      687.162E-03
  SPECIMEN-1         135               43      3.39439E-03      687.162E-03
  SPECIMEN-1         135               44      3.39439E-03      687.162E-03
  SPECIMEN-1         135               46      3.39439E-03      687.162E-03
  SPECIMEN-1         136               41     -24.0281E-03      690.251E-03
  SPECIMEN-1         136               42     -24.0281E-03      690.251E-03
  SPECIMEN-1         136               46     -24.0281E-03      690.251E-03
  SPECIMEN-1         136               48     -24.0281E-03      690.251E-03
  SPECIMEN-1         137               48     -32.4407E-03      867.337E-03
  SPECIMEN-1         137               49     -32.4407E-03      867.337E-03
  SPECIMEN-1         137               50     -32.4407E-03      867.337E-03
  SPECIMEN-1         137               52     -32.4407E-03      867.337E-03
  SPECIMEN-1         138               52     -41.9466E-03      885.431E-03
  SPECIMEN-1         138               53     -41.9466E-03      885.431E-03
  SPECIMEN-1         138               54     -41.9466E-03      885.431E-03
  SPECIMEN-1         138               56     -41.9466E-03      885.431E-03
  SPECIMEN-1         139               44     -10.8272E-03      817.769E-03
  SPECIMEN-1         139               45     -10.8272E-03      817.769E-03
  SPECIMEN-1         139               46     -10.8272E-03      817.769E-03
  SPECIMEN-1         139               47     -10.8272E-03      817.769E-03
  SPECIMEN-1         140               46     -27.1194E-03      831.295E-03
  SPECIMEN-1         140               47     -27.1194E-03      831.295E-03
  SPECIMEN-1         140               48     -27.1194E-03      831.295E-03
  SPECIMEN-1         140               49     -27.1194E-03      831.295E-03
  SPECIMEN-1         141               50     -24.3372E-03      929.168E-03
  SPECIMEN-1         141               51     -24.3372E-03      929.168E-03
  SPECIMEN-1         141               52     -24.3372E-03      929.168E-03
  SPECIMEN-1         141               53     -24.3372E-03      929.168E-03
  SPECIMEN-1         142               54     -41.0619E-03      847.831E-03
  SPECIMEN-1         142               55     -41.0619E-03      847.831E-03
  SPECIMEN-1         142               56     -41.0619E-03      847.831E-03
  SPECIMEN-1         142               57     -41.0619E-03      847.831E-03
  SPECIMEN-1         143               60     -79.9882E-03     -174.192E-03
  SPECIMEN-1         143               61     -79.9882E-03     -174.192E-03
  SPECIMEN-1         143               65     -79.9882E-03     -174.192E-03
  SPECIMEN-1         143               69     -79.9882E-03     -174.192E-03
  SPECIMEN-1         143               74     -79.9882E-03     -174.192E-03
  SPECIMEN-1         144               59     -90.9828E-03     -254.908E-03
  SPECIMEN-1         144               60     -90.9828E-03     -254.908E-03
  SPECIMEN-1         144               74     -90.9828E-03     -254.908E-03
  SPECIMEN-1         144               75     -90.9828E-03     -254.908E-03
  SPECIMEN-1         145               58     -97.7438E-03     -309.837E-03
  SPECIMEN-1         145               59     -97.7438E-03     -309.837E-03
  SPECIMEN-1         145               75     -97.7438E-03     -309.837E-03
  SPECIMEN-1         145               76     -97.7438E-03     -309.837E-03
  SPECIMEN-1         146               61      -32.685E-03     -189.863E-03
  SPECIMEN-1         146               62      -32.685E-03     -189.863E-03
  SPECIMEN-1         146               63      -32.685E-03     -189.863E-03
  SPECIMEN-1         146               65      -32.685E-03     -189.863E-03
  SPECIMEN-1         147               65     -53.2212E-03     -42.6881E-03
  SPECIMEN-1         147               66     -53.2212E-03     -42.6881E-03
  SPECIMEN-1         147               67     -53.2212E-03     -42.6881E-03
  SPECIMEN-1         147               69     -53.2212E-03     -42.6881E-03
  SPECIMEN-1         148               69     -100.663E-03     -62.4289E-03
  SPECIMEN-1         148               70     -100.663E-03     -62.4289E-03
  SPECIMEN-1         148               71     -100.663E-03     -62.4289E-03
  SPECIMEN-1         148               74     -100.663E-03     -62.4289E-03
  SPECIMEN-1         149               63     -31.8327E-03      -48.694E-03
  SPECIMEN-1         149               64     -31.8327E-03      -48.694E-03
  SPECIMEN-1         149               65     -31.8327E-03      -48.694E-03
  SPECIMEN-1         149               66     -31.8327E-03      -48.694E-03
  SPECIMEN-1         150               67     -59.5344E-03     -19.0971E-03
  SPECIMEN-1         150               68     -59.5344E-03     -19.0971E-03
  SPECIMEN-1         150               69     -59.5344E-03     -19.0971E-03
  SPECIMEN-1         150               70     -59.5344E-03     -19.0971E-03
  SPECIMEN-1         151               71     -124.651E-03     -101.228E-03
  SPECIMEN-1         151               72     -124.651E-03     -101.228E-03
  SPECIMEN-1         151               74     -124.651E-03     -101.228E-03
  SPECIMEN-1         151               75     -124.651E-03     -101.228E-03
  SPECIMEN-1         152               72     -127.154E-03     -140.389E-03
  SPECIMEN-1         152               73     -127.154E-03     -140.389E-03
  SPECIMEN-1         152               75     -127.154E-03     -140.389E-03
  SPECIMEN-1         152               76     -127.154E-03     -140.389E-03
  SPECIMEN-1         153               79      48.3611E-03      733.659E-03
  SPECIMEN-1         153               80      48.3611E-03      733.659E-03
  SPECIMEN-1         153               84      48.3611E-03      733.659E-03
  SPECIMEN-1         153               88      48.3611E-03      733.659E-03
  SPECIMEN-1         153               93      48.3611E-03      733.659E-03
  SPECIMEN-1         154               78       24.336E-03      690.632E-03
  SPECIMEN-1         154               79       24.336E-03      690.632E-03
  SPECIMEN-1         154               93       24.336E-03      690.632E-03
  SPECIMEN-1         154               94       24.336E-03      690.632E-03
  SPECIMEN-1         155               77     -3.84157E-03      687.914E-03
  SPECIMEN-1         155               78     -3.84157E-03      687.914E-03
  SPECIMEN-1         155               94     -3.84157E-03      687.914E-03
  SPECIMEN-1         155               95     -3.84157E-03      687.914E-03
  SPECIMEN-1         156               80      45.6446E-03      651.816E-03
  SPECIMEN-1         156               81      45.6446E-03      651.816E-03
  SPECIMEN-1         156               82      45.6446E-03      651.816E-03
  SPECIMEN-1         156               84      45.6446E-03      651.816E-03
  SPECIMEN-1         157               84      41.9177E-03      885.513E-03
  SPECIMEN-1         157               85      41.9177E-03      885.513E-03
  SPECIMEN-1         157               86      41.9177E-03      885.513E-03
  SPECIMEN-1         157               88      41.9177E-03      885.513E-03
  SPECIMEN-1         158               88      32.4649E-03      867.566E-03
  SPECIMEN-1         158               89      32.4649E-03      867.566E-03
  SPECIMEN-1         158               90      32.4649E-03      867.566E-03
  SPECIMEN-1         158               93      32.4649E-03      867.566E-03
  SPECIMEN-1         159               82      41.0394E-03       847.89E-03
  SPECIMEN-1         159               83      41.0394E-03       847.89E-03
  SPECIMEN-1         159               84      41.0394E-03       847.89E-03
  SPECIMEN-1         159               85      41.0394E-03       847.89E-03
  SPECIMEN-1         160               86      24.3229E-03       929.28E-03
  SPECIMEN-1         160               87      24.3229E-03       929.28E-03
  SPECIMEN-1         160               88      24.3229E-03       929.28E-03
  SPECIMEN-1         160               89      24.3229E-03       929.28E-03
  SPECIMEN-1         161               90       27.198E-03      831.425E-03
  SPECIMEN-1         161               91       27.198E-03      831.425E-03
  SPECIMEN-1         161               93       27.198E-03      831.425E-03
  SPECIMEN-1         161               94       27.198E-03      831.425E-03
  SPECIMEN-1         162               91      10.7025E-03      818.127E-03
  SPECIMEN-1         162               92      10.7025E-03      818.127E-03
  SPECIMEN-1         162               94      10.7025E-03      818.127E-03
  SPECIMEN-1         162               95      10.7025E-03      818.127E-03
  SPECIMEN-1         163               98      79.9882E-03      174.192E-03
  SPECIMEN-1         163               99      79.9882E-03      174.192E-03
  SPECIMEN-1         163              103      79.9882E-03      174.192E-03
  SPECIMEN-1         163              107      79.9882E-03      174.192E-03
  SPECIMEN-1         163              112      79.9882E-03      174.192E-03
  SPECIMEN-1         164               97      90.9828E-03      254.908E-03
  SPECIMEN-1         164               98      90.9828E-03      254.908E-03
  SPECIMEN-1         164              112      90.9828E-03      254.908E-03
  SPECIMEN-1         164              113      90.9828E-03      254.908E-03
  SPECIMEN-1         165               96      97.7438E-03      309.837E-03
  SPECIMEN-1         165               97      97.7438E-03      309.837E-03
  SPECIMEN-1         165              113      97.7438E-03      309.837E-03
  SPECIMEN-1         165              114      97.7438E-03      309.837E-03
  SPECIMEN-1         166               99       32.685E-03      189.863E-03
  SPECIMEN-1         166              100       32.685E-03      189.863E-03
  SPECIMEN-1         166              101       32.685E-03      189.863E-03
  SPECIMEN-1         166              103       32.685E-03      189.863E-03
  SPECIMEN-1         167              103      53.2212E-03      42.6881E-03
  SPECIMEN-1         167              104      53.2212E-03      42.6881E-03
  SPECIMEN-1         167              105      53.2212E-03      42.6881E-03
  SPECIMEN-1         167              107      53.2212E-03      42.6881E-03
  SPECIMEN-1         168              107      100.663E-03      62.4289E-03
  SPECIMEN-1         168              108      100.663E-03      62.4289E-03
  SPECIMEN-1         168              109      100.663E-03      62.4289E-03
  SPECIMEN-1         168              112      100.663E-03      62.4289E-03
  SPECIMEN-1         169              101      31.8327E-03       48.694E-03
  SPECIMEN-1         169              102      31.8327E-03       48.694E-03
  SPECIMEN-1         169              103      31.8327E-03       48.694E-03
  SPECIMEN-1         169              104      31.8327E-03       48.694E-03
  SPECIMEN-1         170              105      59.5344E-03      19.0971E-03
  SPECIMEN-1         170              106      59.5344E-03      19.0971E-03
  SPECIMEN-1         170              107      59.5344E-03      19.0971E-03
  SPECIMEN-1         170              108      59.5344E-03      19.0971E-03
  SPECIMEN-1         171              109      124.651E-03      101.228E-03
  SPECIMEN-1         171              110      124.651E-03      101.228E-03
  SPECIMEN-1         171              112      124.651E-03      101.228E-03
  SPECIMEN-1         171              113      124.651E-03      101.228E-03
  SPECIMEN-1         172              110      127.154E-03      140.389E-03
  SPECIMEN-1         172              111      127.154E-03      140.389E-03
  SPECIMEN-1         172              113      127.154E-03      140.389E-03
  SPECIMEN-1         172              114      127.154E-03      140.389E-03
  SPECIMEN-1         173              116      48.2926E-03     -733.379E-03
  SPECIMEN-1         173              117      48.2926E-03     -733.379E-03
  SPECIMEN-1         173              124      48.2926E-03     -733.379E-03
  SPECIMEN-1         173              128      48.2926E-03     -733.379E-03
  SPECIMEN-1         173              132      48.2926E-03     -733.379E-03
  SPECIMEN-1         174              115      45.6279E-03     -651.744E-03
  SPECIMEN-1         174              116      45.6279E-03     -651.744E-03
  SPECIMEN-1         174              132      45.6279E-03     -651.744E-03
  SPECIMEN-1         174              133      45.6279E-03     -651.744E-03
  SPECIMEN-1         175              118     -3.39439E-03     -687.162E-03
  SPECIMEN-1         175              119     -3.39439E-03     -687.162E-03
  SPECIMEN-1         175              120     -3.39439E-03     -687.162E-03
  SPECIMEN-1         175              122     -3.39439E-03     -687.162E-03
  SPECIMEN-1         176              117      24.0281E-03     -690.251E-03
  SPECIMEN-1         176              118      24.0281E-03     -690.251E-03
  SPECIMEN-1         176              122      24.0281E-03     -690.251E-03
  SPECIMEN-1         176              124      24.0281E-03     -690.251E-03
  SPECIMEN-1         177              124      32.4407E-03     -867.337E-03
  SPECIMEN-1         177              125      32.4407E-03     -867.337E-03
  SPECIMEN-1         177              126      32.4407E-03     -867.337E-03
  SPECIMEN-1         177              128      32.4407E-03     -867.337E-03
  SPECIMEN-1         178              128      41.9466E-03     -885.431E-03
  SPECIMEN-1         178              129      41.9466E-03     -885.431E-03
  SPECIMEN-1         178              130      41.9466E-03     -885.431E-03
  SPECIMEN-1         178              132      41.9466E-03     -885.431E-03
  SPECIMEN-1         179              120      10.8272E-03     -817.769E-03
  SPECIMEN-1         179              121      10.8272E-03     -817.769E-03
  SPECIMEN-1         179              122      10.8272E-03     -817.769E-03
  SPECIMEN-1         179              123      10.8272E-03     -817.769E-03
  SPECIMEN-1         180              122      27.1194E-03     -831.295E-03
  SPECIMEN-1         180              123      27.1194E-03     -831.295E-03
  SPECIMEN-1         180              124      27.1194E-03     -831.295E-03
  SPECIMEN-1         180              125      27.1194E-03     -831.295E-03
  SPECIMEN-1         181              126      24.3372E-03     -929.168E-03
  SPECIMEN-1         181              127      24.3372E-03     -929.168E-03
  SPECIMEN-1         181              128      24.3372E-03     -929.168E-03
  SPECIMEN-1         181              129      24.3372E-03     -929.168E-03
  SPECIMEN-1         182              130      41.0619E-03     -847.831E-03
  SPECIMEN-1         182              131      41.0619E-03     -847.831E-03
  SPECIMEN-1         182              132      41.0619E-03     -847.831E-03
  SPECIMEN-1         182              133      41.0619E-03     -847.831E-03
  SPECIMEN-1         183              135      80.0937E-03     -174.628E-03
  SPECIMEN-1         183              136      80.0937E-03     -174.628E-03
  SPECIMEN-1         183              143      80.0937E-03     -174.628E-03
  SPECIMEN-1         183              147      80.0937E-03     -174.628E-03
  SPECIMEN-1         183              151      80.0937E-03     -174.628E-03
  SPECIMEN-1         184              134      32.7519E-03     -190.037E-03
  SPECIMEN-1         184              135      32.7519E-03     -190.037E-03
  SPECIMEN-1         184              151      32.7519E-03     -190.037E-03
  SPECIMEN-1         184              152      32.7519E-03     -190.037E-03
  SPECIMEN-1         185              137      97.5547E-03     -309.616E-03
  SPECIMEN-1         185              138      97.5547E-03     -309.616E-03
  SPECIMEN-1         185              139      97.5547E-03     -309.616E-03
  SPECIMEN-1         185              141      97.5547E-03     -309.616E-03
  SPECIMEN-1         186              136      91.0826E-03     -255.818E-03
  SPECIMEN-1         186              137      91.0826E-03     -255.818E-03
  SPECIMEN-1         186              141      91.0826E-03     -255.818E-03
  SPECIMEN-1         186              143      91.0826E-03     -255.818E-03
  SPECIMEN-1         187              143      100.879E-03     -62.6164E-03
  SPECIMEN-1         187              144      100.879E-03     -62.6164E-03
  SPECIMEN-1         187              145      100.879E-03     -62.6164E-03
  SPECIMEN-1         187              147      100.879E-03     -62.6164E-03
  SPECIMEN-1         188              147      53.2803E-03     -42.7331E-03
  SPECIMEN-1         188              148      53.2803E-03     -42.7331E-03
  SPECIMEN-1         188              149      53.2803E-03     -42.7331E-03
  SPECIMEN-1         188              151      53.2803E-03     -42.7331E-03
  SPECIMEN-1         189              139      127.128E-03     -140.873E-03
  SPECIMEN-1         189              140      127.128E-03     -140.873E-03
  SPECIMEN-1         189              141      127.128E-03     -140.873E-03
  SPECIMEN-1         189              142      127.128E-03     -140.873E-03
  SPECIMEN-1         190              141      124.769E-03     -101.376E-03
  SPECIMEN-1         190              142      124.769E-03     -101.376E-03
  SPECIMEN-1         190              143      124.769E-03     -101.376E-03
  SPECIMEN-1         190              144      124.769E-03     -101.376E-03
  SPECIMEN-1         191              145      59.6258E-03     -19.1417E-03
  SPECIMEN-1         191              146      59.6258E-03     -19.1417E-03
  SPECIMEN-1         191              147      59.6258E-03     -19.1417E-03
  SPECIMEN-1         191              148      59.6258E-03     -19.1417E-03
  SPECIMEN-1         192              149      31.8623E-03     -48.7448E-03
  SPECIMEN-1         192              150      31.8623E-03     -48.7448E-03
  SPECIMEN-1         192              151      31.8623E-03     -48.7448E-03
  SPECIMEN-1         192              152      31.8623E-03     -48.7448E-03


