
                                   U:U2 PI: SPECIMEN-1 N: 
                     X                        14          

                   0.                       0.            
                 100.E-03                 100.E-03        
                 200.E-03                 200.E-03        
                 300.E-03                 300.E-03        
                 400.E-03                 400.E-03        
                 500.E-03                 500.E-03        
                 600.E-03                 600.E-03        
                 700.E-03                 700.E-03        
                 800.E-03                 800.E-03        
                 900.E-03                 900.E-03        
                   1.                       1.            




