
                     X                      ALLWK         

                   0.                       0.            
                 100.E-03                   6.78297234E-03
                 200.E-03                  27.0822392E-03 
                 300.E-03                  60.7985039E-03 
                 400.E-03                 107.832626E-03  
                 500.E-03                 168.085709E-03  
                 600.E-03                 241.459122E-03  
                 700.E-03                 327.854462E-03  
                 800.E-03                 427.173645E-03  
                 900.E-03                 539.318909E-03  
                   1.                     664.19281E-03   

 TOTAL             5.5                      2.57058096    

 MINIMUM           0.                       0.            
  AT X =                                    0.            
 MAXIMUM           1.                     664.19281E-03   
  AT X =                                    1.            




