********************************************************************************
Probe Values Report, written on Tue Jun 03 11:35:52 2025

Source
-------

   ODB: C:/lnms/Vid/VF/PoljeU1/Test1-BUM.odb
   Step: loading
   Frame: Increment     10: Step Time =    1.000
   Variable: U, All direct

Probe values reported at nodes

  Part Instance     Node ID                     Orig. Coords                                       Def. Coords                   
                                    X                Y                Z                X                Y                Z       
-------------------------------------------------------------------------------------------------------------------------------
    ASSEMBLY           1              30.               0.               0.              31.               0.     -340.282E+36
    ASSEMBLY           2               0.              30.               0.               0.              30.     -340.282E+36
    ASSEMBLY           3             -30.     -1.77636E-15               0.             -30.     -1.77636E-15               0.
    ASSEMBLY           4               0.             -30.               0.               0.             -30.               0.
  SPECIMEN-1           1          16.1612          16.1612               0.          16.5117          16.2029               0.
  SPECIMEN-1           2          7.07107          7.07107               0.          7.63636          6.98657               0.
  SPECIMEN-1           3              10.               0.               0.          10.8513     -5.78003E-06               0.
  SPECIMEN-1           4              25.               0.               0.              26.      2.07586E-36               0.
  SPECIMEN-1           5              25.             12.5               0.              26.             12.5               0.
  SPECIMEN-1           6         -7.07107         -7.07107               0.         -7.63636         -6.98657               0.
  SPECIMEN-1           7         -16.1612         -16.1612               0.         -16.5117         -16.2029               0.
  SPECIMEN-1           8            -12.5             -25.               0.            -12.5             -25.               0.
  SPECIMEN-1           9               0.             -25.               0.     -2.19414E-36             -25.               0.
  SPECIMEN-1          10               0.             -10.               0.     -40.1024E-06          -9.8973               0.
  SPECIMEN-1          11         -16.1612          16.1612               0.         -16.5117          16.2028               0.
  SPECIMEN-1          12         -7.07107          7.07107               0.         -7.63624          6.98649               0.
  SPECIMEN-1          13               0.              10.               0.      40.1024E-06           9.8973               0.
  SPECIMEN-1          14               0.              25.               0.     -2.35015E-36              25.               0.
  SPECIMEN-1          15            -12.5              25.               0.            -12.5              25.               0.
  SPECIMEN-1          16          7.07107         -7.07107               0.          7.63624         -6.98649               0.
  SPECIMEN-1          17          16.1612         -16.1612               0.          16.5117         -16.2028               0.
  SPECIMEN-1          18              25.            -12.5               0.              26.            -12.5               0.
  SPECIMEN-1          19             12.5              25.               0.             12.5              25.               0.
  SPECIMEN-1          20             -25.             12.5               0.             -26.             12.5               0.
  SPECIMEN-1          21             -25.               0.               0.             -26.     -17.2546E-39               0.
  SPECIMEN-1          22             -10.               0.               0.         -10.8513      5.78003E-06               0.
  SPECIMEN-1          23             12.5             -25.               0.             12.5             -25.               0.
  SPECIMEN-1          24             -25.            -12.5               0.             -26.            -12.5               0.
  SPECIMEN-1          25          21.7648          12.9259               0.          22.5655          12.9371               0.
  SPECIMEN-1          26            18.75          14.1747               0.          19.3245          14.2168               0.
  SPECIMEN-1          27          14.3431          14.3431               0.          14.7613          14.3496               0.
  SPECIMEN-1          28          12.5251          12.5251               0.          12.9724          12.5138               0.
  SPECIMEN-1          29          10.7071          10.7071               0.          11.1752          10.6818               0.
  SPECIMEN-1          30          8.88909          8.88909               0.          9.38614          8.84388               0.
  SPECIMEN-1          31          8.66025               5.               0.          9.37984          4.94137               0.
  SPECIMEN-1          32          9.65926          2.58819               0.          10.4798          2.55979               0.
  SPECIMEN-1          33              13.               0.               0.          13.8616     -7.89342E-06               0.
  SPECIMEN-1          34              16.               0.               0.          16.8787      30.3929E-06               0.
  SPECIMEN-1          35              19.               0.               0.          19.9084      7.82885E-06               0.
  SPECIMEN-1          36              22.               0.               0.          22.9474     -2.56561E-06               0.
  SPECIMEN-1          37              25.            3.125               0.              26.            3.125               0.
  SPECIMEN-1          38              25.             6.25               0.              26.             6.25               0.
  SPECIMEN-1          39              25.            9.375               0.              26.            9.375               0.
  SPECIMEN-1          40         -2.58819         -9.65926               0.         -2.77777         -9.55343               0.
  SPECIMEN-1          41              -5.         -8.66025               0.         -5.38272         -8.55808               0.
  SPECIMEN-1          42         -8.88909         -8.88909               0.         -9.38614         -8.84388               0.
  SPECIMEN-1          43         -10.7071         -10.7071               0.         -11.1752         -10.6818               0.
  SPECIMEN-1          44         -12.5251         -12.5251               0.         -12.9724         -12.5138               0.
  SPECIMEN-1          45         -14.3431         -14.3431               0.         -14.7613         -14.3496               0.
  SPECIMEN-1          46         -14.1747           -18.75               0.         -14.3373         -18.7751               0.
  SPECIMEN-1          47         -12.9259         -21.7648               0.         -12.9696         -21.7751               0.
  SPECIMEN-1          48           -9.375             -25.               0.           -9.375             -25.               0.
  SPECIMEN-1          49            -6.25             -25.               0.            -6.25             -25.               0.
  SPECIMEN-1          50           -3.125             -25.               0.           -3.125             -25.               0.
  SPECIMEN-1          51               0.             -22.               0.     -8.49816E-06         -21.9443               0.
  SPECIMEN-1          52               0.             -19.               0.     -14.4206E-06         -18.8995               0.
  SPECIMEN-1          53               0.             -16.               0.      12.2131E-06         -15.8713               0.
  SPECIMEN-1          54               0.             -13.               0.       20.021E-06         -12.8643               0.
  SPECIMEN-1          55         -12.9259          21.7648               0.         -12.9696           21.775               0.
  SPECIMEN-1          56         -14.1747            18.75               0.         -14.3373          18.7751               0.
  SPECIMEN-1          57         -14.3431          14.3431               0.         -14.7612          14.3496               0.
  SPECIMEN-1          58         -12.5251          12.5251               0.         -12.9723          12.5138               0.
  SPECIMEN-1          59         -10.7071          10.7071               0.         -11.1752          10.6817               0.
  SPECIMEN-1          60         -8.88909          8.88909               0.         -9.38615          8.84385               0.
  SPECIMEN-1          61              -5.          8.66025               0.         -5.38264          8.55819               0.
  SPECIMEN-1          62         -2.58819          9.65926               0.         -2.77777          9.55338               0.
  SPECIMEN-1          63               0.              13.               0.      -20.021E-06          12.8643               0.
  SPECIMEN-1          64               0.              16.               0.     -12.2131E-06          15.8713               0.
  SPECIMEN-1          65               0.              19.               0.      14.4206E-06          18.8995               0.
  SPECIMEN-1          66               0.              22.               0.      8.49816E-06          21.9443               0.
  SPECIMEN-1          67           -3.125              25.               0.           -3.125              25.               0.
  SPECIMEN-1          68            -6.25              25.               0.            -6.25              25.               0.
  SPECIMEN-1          69           -9.375              25.               0.           -9.375              25.               0.
  SPECIMEN-1          70          9.65926         -2.58819               0.          10.4798         -2.55972               0.
  SPECIMEN-1          71          8.66025              -5.               0.          9.37992         -4.94123               0.
  SPECIMEN-1          72          8.88909         -8.88909               0.          9.38615         -8.84385               0.
  SPECIMEN-1          73          10.7071         -10.7071               0.          11.1752         -10.6817               0.
  SPECIMEN-1          74          12.5251         -12.5251               0.          12.9723         -12.5138               0.
  SPECIMEN-1          75          14.3431         -14.3431               0.          14.7612         -14.3496               0.
  SPECIMEN-1          76            18.75         -14.1747               0.          19.3244         -14.2168               0.
  SPECIMEN-1          77          21.7648         -12.9259               0.          22.5654         -12.9371               0.
  SPECIMEN-1          78              25.           -9.375               0.              26.           -9.375               0.
  SPECIMEN-1          79              25.            -6.25               0.              26.            -6.25               0.
  SPECIMEN-1          80              25.           -3.125               0.              26.           -3.125               0.
  SPECIMEN-1          81          2.58819          9.65926               0.          2.77777          9.55343               0.
  SPECIMEN-1          82               5.          8.66025               0.          5.38272          8.55808               0.
  SPECIMEN-1          83          14.1747            18.75               0.          14.3373          18.7751               0.
  SPECIMEN-1          84          12.9259          21.7648               0.          12.9696          21.7751               0.
  SPECIMEN-1          85            9.375              25.               0.            9.375              25.               0.
  SPECIMEN-1          86             6.25              25.               0.             6.25              25.               0.
  SPECIMEN-1          87            3.125              25.               0.            3.125              25.               0.
  SPECIMEN-1          88         -9.65926          2.58819               0.         -10.4798          2.55972               0.
  SPECIMEN-1          89         -8.66025               5.               0.         -9.37992          4.94123               0.
  SPECIMEN-1          90           -18.75          14.1747               0.         -19.3244          14.2168               0.
  SPECIMEN-1          91         -21.7648          12.9259               0.         -22.5654          12.9371               0.
  SPECIMEN-1          92             -25.            9.375               0.             -26.            9.375               0.
  SPECIMEN-1          93             -25.             6.25               0.             -26.             6.25               0.
  SPECIMEN-1          94             -25.            3.125               0.             -26.            3.125               0.
  SPECIMEN-1          95             -22.               0.               0.         -22.9474      2.56561E-06               0.
  SPECIMEN-1          96             -19.               0.               0.         -19.9084     -7.82885E-06               0.
  SPECIMEN-1          97             -16.               0.               0.         -16.8787     -30.3929E-06               0.
  SPECIMEN-1          98             -13.               0.               0.         -13.8616      7.89342E-06               0.
  SPECIMEN-1          99          12.9259         -21.7648               0.          12.9696          -21.775               0.
  SPECIMEN-1         100          14.1747           -18.75               0.          14.3373         -18.7751               0.
  SPECIMEN-1         101               5.         -8.66025               0.          5.38264         -8.55819               0.
  SPECIMEN-1         102          2.58819         -9.65926               0.          2.77777         -9.55338               0.
  SPECIMEN-1         103            3.125             -25.               0.            3.125             -25.               0.
  SPECIMEN-1         104             6.25             -25.               0.             6.25             -25.               0.
  SPECIMEN-1         105            9.375             -25.               0.            9.375             -25.               0.
  SPECIMEN-1         106         -21.7648         -12.9259               0.         -22.5655         -12.9371               0.
  SPECIMEN-1         107           -18.75         -14.1747               0.         -19.3245         -14.2168               0.
  SPECIMEN-1         108         -8.66025              -5.               0.         -9.37984         -4.94137               0.
  SPECIMEN-1         109         -9.65926         -2.58819               0.         -10.4798         -2.55979               0.
  SPECIMEN-1         110             -25.           -3.125               0.             -26.           -3.125               0.
  SPECIMEN-1         111             -25.            -6.25               0.             -26.            -6.25               0.
  SPECIMEN-1         112             -25.           -9.375               0.             -26.           -9.375               0.
  SPECIMEN-1         113          16.4995          8.59539               0.          17.2329          8.64368               0.
  SPECIMEN-1         114           17.741          11.8642               0.          18.3927          11.9099               0.
  SPECIMEN-1         115          10.7478          6.08597               0.           11.435          6.08257               0.
  SPECIMEN-1         116          13.2016          7.25376               0.          13.8918          7.27779               0.
  SPECIMEN-1         117          17.9619          3.95541               0.          18.8292          3.98785               0.
  SPECIMEN-1         118          21.0917          7.19719               0.          21.9771          7.23914               0.
  SPECIMEN-1         119          12.0647          3.07518               0.          12.8825          3.08601               0.
  SPECIMEN-1         120           14.807          3.57109               0.          15.6383          3.59821               0.
  SPECIMEN-1         121          21.5134           3.5694               0.          22.4426          3.59374               0.
  SPECIMEN-1         122          21.3994          10.3406               0.          22.2472          10.3816               0.
  SPECIMEN-1         123         -8.60075         -16.5154               0.         -8.77495         -16.4354               0.
  SPECIMEN-1         124         -7.26548          -13.239               0.         -7.52039         -13.1481               0.
  SPECIMEN-1         125         -6.06003         -10.7217               0.         -6.36987         -10.6239               0.
  SPECIMEN-1         126         -11.8656          -17.745               0.         -12.0554         -17.7123               0.
  SPECIMEN-1         127         -7.19853         -21.0957               0.         -7.24122         -21.0424               0.
  SPECIMEN-1         128         -3.96194         -17.9826               0.         -4.02437         -17.8819               0.
  SPECIMEN-1         129         -10.3413         -21.4013               0.           -10.39         -21.3695               0.
  SPECIMEN-1         130         -3.57137         -21.5196               0.         -3.59047           -21.46               0.
  SPECIMEN-1         131         -3.57825           -14.83               0.         -3.67947         -14.7053               0.
  SPECIMEN-1         132         -3.05662         -12.0527               0.         -3.19701         -11.9256               0.
  SPECIMEN-1         133         -8.59539          16.4995               0.         -8.77002          16.4195               0.
  SPECIMEN-1         134         -11.8642           17.741               0.         -12.0543          17.7083               0.
  SPECIMEN-1         135         -6.08597          10.7478               0.         -6.39558          10.6502               0.
  SPECIMEN-1         136         -7.25376          13.2016               0.         -7.50958          13.1105               0.
  SPECIMEN-1         137         -3.95541          17.9619               0.         -4.01803           17.861               0.
  SPECIMEN-1         138         -7.19719          21.0917               0.         -7.23993          21.0384               0.
  SPECIMEN-1         139         -3.07518          12.0647               0.         -3.21605          11.9376               0.
  SPECIMEN-1         140         -3.57109           14.807               0.         -3.67246          14.6823               0.
  SPECIMEN-1         141          -3.5694          21.5134               0.         -3.58854          21.4538               0.
  SPECIMEN-1         142         -10.3406          21.3994               0.         -10.3893          21.3675               0.
  SPECIMEN-1         143          16.5154         -8.60075               0.           17.249         -8.64912               0.
  SPECIMEN-1         144           13.239         -7.26548               0.          13.9297         -7.28981               0.
  SPECIMEN-1         145          10.7217         -6.06003               0.          11.4096         -6.05619               0.
  SPECIMEN-1         146           17.745         -11.8656               0.          18.3968         -11.9112               0.
  SPECIMEN-1         147          21.0957         -7.19853               0.          21.9812         -7.24045               0.
  SPECIMEN-1         148          17.9826         -3.96194               0.          18.8501         -3.99441               0.
  SPECIMEN-1         149          21.4013         -10.3413               0.          22.2492         -10.3823               0.
  SPECIMEN-1         150          21.5196         -3.57137               0.          22.4488         -3.59569               0.
  SPECIMEN-1         151            14.83         -3.57825               0.          15.6614         -3.60544               0.
  SPECIMEN-1         152          12.0527         -3.05662               0.          12.8708         -3.06732               0.
  SPECIMEN-1         153          8.60075          16.5154               0.          8.77495          16.4354               0.
  SPECIMEN-1         154          7.26548           13.239               0.          7.52039          13.1481               0.
  SPECIMEN-1         155          6.06003          10.7217               0.          6.36987          10.6239               0.
  SPECIMEN-1         156          11.8656           17.745               0.          12.0554          17.7123               0.
  SPECIMEN-1         157          7.19853          21.0957               0.          7.24122          21.0424               0.
  SPECIMEN-1         158          3.96194          17.9826               0.          4.02437          17.8819               0.
  SPECIMEN-1         159          10.3413          21.4013               0.            10.39          21.3695               0.
  SPECIMEN-1         160          3.57137          21.5196               0.          3.59047            21.46               0.
  SPECIMEN-1         161          3.57825            14.83               0.          3.67947          14.7053               0.
  SPECIMEN-1         162          3.05662          12.0527               0.          3.19701          11.9256               0.
  SPECIMEN-1         163         -16.5154          8.60075               0.          -17.249          8.64912               0.
  SPECIMEN-1         164          -13.239          7.26548               0.         -13.9297          7.28981               0.
  SPECIMEN-1         165         -10.7217          6.06003               0.         -11.4096          6.05619               0.
  SPECIMEN-1         166          -17.745          11.8656               0.         -18.3968          11.9112               0.
  SPECIMEN-1         167         -21.0957          7.19853               0.         -21.9812          7.24045               0.
  SPECIMEN-1         168         -17.9826          3.96194               0.         -18.8501          3.99441               0.
  SPECIMEN-1         169         -21.4013          10.3413               0.         -22.2492          10.3823               0.
  SPECIMEN-1         170         -21.5196          3.57137               0.         -22.4488          3.59569               0.
  SPECIMEN-1         171           -14.83          3.57825               0.         -15.6614          3.60544               0.
  SPECIMEN-1         172         -12.0527          3.05662               0.         -12.8708          3.06732               0.
  SPECIMEN-1         173          8.59539         -16.4995               0.          8.77002         -16.4195               0.
  SPECIMEN-1         174          11.8642          -17.741               0.          12.0543         -17.7083               0.
  SPECIMEN-1         175          6.08597         -10.7478               0.          6.39558         -10.6502               0.
  SPECIMEN-1         176          7.25376         -13.2016               0.          7.50958         -13.1105               0.
  SPECIMEN-1         177          3.95541         -17.9619               0.          4.01803          -17.861               0.
  SPECIMEN-1         178          7.19719         -21.0917               0.          7.23993         -21.0384               0.
  SPECIMEN-1         179          3.07518         -12.0647               0.          3.21605         -11.9376               0.
  SPECIMEN-1         180          3.57109          -14.807               0.          3.67246         -14.6823               0.
  SPECIMEN-1         181           3.5694         -21.5134               0.          3.58854         -21.4538               0.
  SPECIMEN-1         182          10.3406         -21.3994               0.          10.3893         -21.3675               0.
  SPECIMEN-1         183         -16.4995         -8.59539               0.         -17.2329         -8.64368               0.
  SPECIMEN-1         184          -17.741         -11.8642               0.         -18.3927         -11.9099               0.
  SPECIMEN-1         185         -10.7478         -6.08597               0.          -11.435         -6.08257               0.
  SPECIMEN-1         186         -13.2016         -7.25376               0.         -13.8918         -7.27779               0.
  SPECIMEN-1         187         -17.9619         -3.95541               0.         -18.8292         -3.98785               0.
  SPECIMEN-1         188         -21.0917         -7.19719               0.         -21.9771         -7.23914               0.
  SPECIMEN-1         189         -12.0647         -3.07518               0.         -12.8825         -3.08601               0.
  SPECIMEN-1         190          -14.807         -3.57109               0.         -15.6383         -3.59821               0.
  SPECIMEN-1         191         -21.5134          -3.5694               0.         -22.4426         -3.59374               0.
  SPECIMEN-1         192         -21.3994         -10.3406               0.         -22.2472         -10.3816               0.


  Part Instance     Node ID  Attached elements            U, U1            U, U2
---------------------------------------------------------------------------------
    ASSEMBLY           1           Elem-1               1.              -0.
    ASSEMBLY           2           Elem-1               0.      -239.89E-39
    ASSEMBLY           3           Elem-1          NoValue          NoValue
    ASSEMBLY           4           Elem-1          NoValue          NoValue
  SPECIMEN-1           1                1      350.551E-03      41.6954E-03
  SPECIMEN-1           1               81      350.551E-03      41.6954E-03
  SPECIMEN-1           2                5      565.293E-03     -84.4989E-03
  SPECIMEN-1           2               77      565.293E-03     -84.4989E-03
  SPECIMEN-1           3                7      851.252E-03     -5.78003E-06
  SPECIMEN-1           3               73      851.252E-03     -5.78003E-06
  SPECIMEN-1           4               13               1.      2.07586E-36
  SPECIMEN-1           4               68               1.      2.07586E-36
  SPECIMEN-1           5               17               1.              -0.
  SPECIMEN-1           6               20     -565.293E-03      84.4989E-03
  SPECIMEN-1           6              138     -565.293E-03      84.4989E-03
  SPECIMEN-1           7               24     -350.551E-03     -41.6954E-03
  SPECIMEN-1           7              134     -350.551E-03     -41.6954E-03
  SPECIMEN-1           8               26               0.       281.85E-39
  SPECIMEN-1           9               30     -2.19414E-36       281.85E-39
  SPECIMEN-1           9              127     -2.19414E-36       281.85E-39
  SPECIMEN-1          10               35     -40.1024E-06      102.696E-03
  SPECIMEN-1          10              121     -40.1024E-06      102.696E-03
  SPECIMEN-1          11               39     -350.502E-03      41.6504E-03
  SPECIMEN-1          11              100     -350.502E-03      41.6504E-03
  SPECIMEN-1          12               43     -565.167E-03     -84.5797E-03
  SPECIMEN-1          12               96     -565.167E-03     -84.5797E-03
  SPECIMEN-1          13               45      40.1024E-06     -102.696E-03
  SPECIMEN-1          13               92      40.1024E-06     -102.696E-03
  SPECIMEN-1          14               51     -2.35015E-36      -239.89E-39
  SPECIMEN-1          14               87     -2.35015E-36      -239.89E-39
  SPECIMEN-1          15               55               0.      -239.89E-39
  SPECIMEN-1          16               58      565.167E-03      84.5797E-03
  SPECIMEN-1          16              119      565.167E-03      84.5797E-03
  SPECIMEN-1          17               62      350.502E-03     -41.6504E-03
  SPECIMEN-1          17              115      350.502E-03     -41.6504E-03
  SPECIMEN-1          18               64               1.              -0.
  SPECIMEN-1          19               83               0.      -239.89E-39
  SPECIMEN-1          20              102              -1.      -599.75E-27
  SPECIMEN-1          21              106              -1.     -17.2546E-39
  SPECIMEN-1          21              146              -1.     -17.2546E-39
  SPECIMEN-1          22              111     -851.252E-03      5.78003E-06
  SPECIMEN-1          22              140     -851.252E-03      5.78003E-06
  SPECIMEN-1          23              131               0.       281.85E-39
  SPECIMEN-1          24              150              -1.      -599.75E-27
  SPECIMEN-1          25               17      800.689E-03      11.1632E-03
  SPECIMEN-1          25               19      800.689E-03      11.1632E-03
  SPECIMEN-1          26                1      574.468E-03      42.0939E-03
  SPECIMEN-1          26               19      574.468E-03      42.0939E-03
  SPECIMEN-1          27                1       418.14E-03      6.48483E-03
  SPECIMEN-1          27                2       418.14E-03      6.48483E-03
  SPECIMEN-1          27               80       418.14E-03      6.48483E-03
  SPECIMEN-1          27               81       418.14E-03      6.48483E-03
  SPECIMEN-1          28                2      447.254E-03     -11.3349E-03
  SPECIMEN-1          28                3      447.254E-03     -11.3349E-03
  SPECIMEN-1          28               79      447.254E-03     -11.3349E-03
  SPECIMEN-1          28               80      447.254E-03     -11.3349E-03
  SPECIMEN-1          29                3       468.09E-03     -25.3467E-03
  SPECIMEN-1          29                4       468.09E-03     -25.3467E-03
  SPECIMEN-1          29               78       468.09E-03     -25.3467E-03
  SPECIMEN-1          29               79       468.09E-03     -25.3467E-03
  SPECIMEN-1          30                4      497.057E-03     -45.2079E-03
  SPECIMEN-1          30                5      497.057E-03     -45.2079E-03
  SPECIMEN-1          30               77      497.057E-03     -45.2079E-03
  SPECIMEN-1          30               78      497.057E-03     -45.2079E-03
  SPECIMEN-1          31                5      719.586E-03     -58.6342E-03
  SPECIMEN-1          31                6      719.586E-03     -58.6342E-03
  SPECIMEN-1          32                6      820.533E-03     -28.4001E-03
  SPECIMEN-1          32                7      820.533E-03     -28.4001E-03
  SPECIMEN-1          33                7      861.634E-03     -7.89342E-06
  SPECIMEN-1          33                9      861.634E-03     -7.89342E-06
  SPECIMEN-1          33               72      861.634E-03     -7.89342E-06
  SPECIMEN-1          33               73      861.634E-03     -7.89342E-06
  SPECIMEN-1          34                9      878.749E-03      30.3929E-06
  SPECIMEN-1          34               11      878.749E-03      30.3929E-06
  SPECIMEN-1          34               71      878.749E-03      30.3929E-06
  SPECIMEN-1          34               72      878.749E-03      30.3929E-06
  SPECIMEN-1          35               11      908.382E-03      7.82885E-06
  SPECIMEN-1          35               12      908.382E-03      7.82885E-06
  SPECIMEN-1          35               70      908.382E-03      7.82885E-06
  SPECIMEN-1          35               71      908.382E-03      7.82885E-06
  SPECIMEN-1          36               12      947.402E-03     -2.56561E-06
  SPECIMEN-1          36               13      947.402E-03     -2.56561E-06
  SPECIMEN-1          36               68      947.402E-03     -2.56561E-06
  SPECIMEN-1          36               70      947.402E-03     -2.56561E-06
  SPECIMEN-1          37               13               1.              -0.
  SPECIMEN-1          37               15               1.              -0.
  SPECIMEN-1          38               15               1.              -0.
  SPECIMEN-1          38               16               1.              -0.
  SPECIMEN-1          39               16               1.              -0.
  SPECIMEN-1          39               17               1.              -0.
  SPECIMEN-1          40               35     -189.576E-03      105.831E-03
  SPECIMEN-1          40               38     -189.576E-03      105.831E-03
  SPECIMEN-1          41               20     -382.717E-03      102.171E-03
  SPECIMEN-1          41               38     -382.717E-03      102.171E-03
  SPECIMEN-1          42               20     -497.057E-03      45.2079E-03
  SPECIMEN-1          42               21     -497.057E-03      45.2079E-03
  SPECIMEN-1          42              137     -497.057E-03      45.2079E-03
  SPECIMEN-1          42              138     -497.057E-03      45.2079E-03
  SPECIMEN-1          43               21      -468.09E-03      25.3467E-03
  SPECIMEN-1          43               22      -468.09E-03      25.3467E-03
  SPECIMEN-1          43              136      -468.09E-03      25.3467E-03
  SPECIMEN-1          43              137      -468.09E-03      25.3467E-03
  SPECIMEN-1          44               22     -447.254E-03      11.3349E-03
  SPECIMEN-1          44               23     -447.254E-03      11.3349E-03
  SPECIMEN-1          44              135     -447.254E-03      11.3349E-03
  SPECIMEN-1          44              136     -447.254E-03      11.3349E-03
  SPECIMEN-1          45               23      -418.14E-03     -6.48483E-03
  SPECIMEN-1          45               24      -418.14E-03     -6.48483E-03
  SPECIMEN-1          45              134      -418.14E-03     -6.48483E-03
  SPECIMEN-1          45              135      -418.14E-03     -6.48483E-03
  SPECIMEN-1          46               24     -162.625E-03      -25.119E-03
  SPECIMEN-1          46               25     -162.625E-03      -25.119E-03
  SPECIMEN-1          47               25     -43.6746E-03      -10.298E-03
  SPECIMEN-1          47               26     -43.6746E-03      -10.298E-03
  SPECIMEN-1          48               26               0.       281.85E-39
  SPECIMEN-1          48               28               0.       281.85E-39
  SPECIMEN-1          49               28               0.       281.85E-39
  SPECIMEN-1          49               29               0.       281.85E-39
  SPECIMEN-1          50               29               0.       281.85E-39
  SPECIMEN-1          50               30               0.       281.85E-39
  SPECIMEN-1          51               30     -8.49816E-06      55.6843E-03
  SPECIMEN-1          51               32     -8.49816E-06      55.6843E-03
  SPECIMEN-1          51              126     -8.49816E-06      55.6843E-03
  SPECIMEN-1          51              127     -8.49816E-06      55.6843E-03
  SPECIMEN-1          52               32     -14.4206E-06       100.46E-03
  SPECIMEN-1          52               33     -14.4206E-06       100.46E-03
  SPECIMEN-1          52              125     -14.4206E-06       100.46E-03
  SPECIMEN-1          52              126     -14.4206E-06       100.46E-03
  SPECIMEN-1          53               33      12.2131E-06      128.673E-03
  SPECIMEN-1          53               34      12.2131E-06      128.673E-03
  SPECIMEN-1          53              123      12.2131E-06      128.673E-03
  SPECIMEN-1          53              125      12.2131E-06      128.673E-03
  SPECIMEN-1          54               34       20.021E-06      135.694E-03
  SPECIMEN-1          54               35       20.021E-06      135.694E-03
  SPECIMEN-1          54              121       20.021E-06      135.694E-03
  SPECIMEN-1          54              123       20.021E-06      135.694E-03
  SPECIMEN-1          55               55     -43.6873E-03      10.2808E-03
  SPECIMEN-1          55               57     -43.6873E-03      10.2808E-03
  SPECIMEN-1          56               39     -162.645E-03      25.0788E-03
  SPECIMEN-1          56               57     -162.645E-03      25.0788E-03
  SPECIMEN-1          57               39     -418.085E-03      6.44891E-03
  SPECIMEN-1          57               40     -418.085E-03      6.44891E-03
  SPECIMEN-1          57               99     -418.085E-03      6.44891E-03
  SPECIMEN-1          57              100     -418.085E-03      6.44891E-03
  SPECIMEN-1          58               40     -447.213E-03     -11.3494E-03
  SPECIMEN-1          58               41     -447.213E-03     -11.3494E-03
  SPECIMEN-1          58               98     -447.213E-03     -11.3494E-03
  SPECIMEN-1          58               99     -447.213E-03     -11.3494E-03
  SPECIMEN-1          59               41     -468.117E-03     -25.3603E-03
  SPECIMEN-1          59               42     -468.117E-03     -25.3603E-03
  SPECIMEN-1          59               97     -468.117E-03     -25.3603E-03
  SPECIMEN-1          59               98     -468.117E-03     -25.3603E-03
  SPECIMEN-1          60               42     -497.062E-03     -45.2327E-03
  SPECIMEN-1          60               43     -497.062E-03     -45.2327E-03
  SPECIMEN-1          60               96     -497.062E-03     -45.2327E-03
  SPECIMEN-1          60               97     -497.062E-03     -45.2327E-03
  SPECIMEN-1          61               43     -382.639E-03     -102.068E-03
  SPECIMEN-1          61               44     -382.639E-03     -102.068E-03
  SPECIMEN-1          62               44      -189.58E-03     -105.874E-03
  SPECIMEN-1          62               45      -189.58E-03     -105.874E-03
  SPECIMEN-1          63               45      -20.021E-06     -135.694E-03
  SPECIMEN-1          63               47      -20.021E-06     -135.694E-03
  SPECIMEN-1          63               91      -20.021E-06     -135.694E-03
  SPECIMEN-1          63               92      -20.021E-06     -135.694E-03
  SPECIMEN-1          64               47     -12.2131E-06     -128.673E-03
  SPECIMEN-1          64               49     -12.2131E-06     -128.673E-03
  SPECIMEN-1          64               90     -12.2131E-06     -128.673E-03
  SPECIMEN-1          64               91     -12.2131E-06     -128.673E-03
  SPECIMEN-1          65               49      14.4206E-06      -100.46E-03
  SPECIMEN-1          65               50      14.4206E-06      -100.46E-03
  SPECIMEN-1          65               89      14.4206E-06      -100.46E-03
  SPECIMEN-1          65               90      14.4206E-06      -100.46E-03
  SPECIMEN-1          66               50      8.49816E-06     -55.6843E-03
  SPECIMEN-1          66               51      8.49816E-06     -55.6843E-03
  SPECIMEN-1          66               87      8.49816E-06     -55.6843E-03
  SPECIMEN-1          66               89      8.49816E-06     -55.6843E-03
  SPECIMEN-1          67               51               0.      -239.89E-39
  SPECIMEN-1          67               53               0.      -239.89E-39
  SPECIMEN-1          68               53               0.      -239.89E-39
  SPECIMEN-1          68               54               0.      -239.89E-39
  SPECIMEN-1          69               54               0.      -239.89E-39
  SPECIMEN-1          69               55               0.      -239.89E-39
  SPECIMEN-1          70               73      820.589E-03      28.4722E-03
  SPECIMEN-1          70               76      820.589E-03      28.4722E-03
  SPECIMEN-1          71               58       719.66E-03      58.7697E-03
  SPECIMEN-1          71               76       719.66E-03      58.7697E-03
  SPECIMEN-1          72               58      497.062E-03      45.2327E-03
  SPECIMEN-1          72               59      497.062E-03      45.2327E-03
  SPECIMEN-1          72              118      497.062E-03      45.2327E-03
  SPECIMEN-1          72              119      497.062E-03      45.2327E-03
  SPECIMEN-1          73               59      468.117E-03      25.3603E-03
  SPECIMEN-1          73               60      468.117E-03      25.3603E-03
  SPECIMEN-1          73              117      468.117E-03      25.3603E-03
  SPECIMEN-1          73              118      468.117E-03      25.3603E-03
  SPECIMEN-1          74               60      447.213E-03      11.3494E-03
  SPECIMEN-1          74               61      447.213E-03      11.3494E-03
  SPECIMEN-1          74              116      447.213E-03      11.3494E-03
  SPECIMEN-1          74              117      447.213E-03      11.3494E-03
  SPECIMEN-1          75               61      418.085E-03     -6.44891E-03
  SPECIMEN-1          75               62      418.085E-03     -6.44891E-03
  SPECIMEN-1          75              115      418.085E-03     -6.44891E-03
  SPECIMEN-1          75              116      418.085E-03     -6.44891E-03
  SPECIMEN-1          76               62      574.437E-03     -42.1071E-03
  SPECIMEN-1          76               63      574.437E-03     -42.1071E-03
  SPECIMEN-1          77               63       800.68E-03     -11.1558E-03
  SPECIMEN-1          77               64       800.68E-03     -11.1558E-03
  SPECIMEN-1          78               64               1.              -0.
  SPECIMEN-1          78               66               1.              -0.
  SPECIMEN-1          79               66               1.              -0.
  SPECIMEN-1          79               67               1.              -0.
  SPECIMEN-1          80               67               1.              -0.
  SPECIMEN-1          80               68               1.              -0.
  SPECIMEN-1          81               92      189.576E-03     -105.831E-03
  SPECIMEN-1          81               95      189.576E-03     -105.831E-03
  SPECIMEN-1          82               77      382.717E-03     -102.171E-03
  SPECIMEN-1          82               95      382.717E-03     -102.171E-03
  SPECIMEN-1          83               81      162.625E-03       25.119E-03
  SPECIMEN-1          83               82      162.625E-03       25.119E-03
  SPECIMEN-1          84               82      43.6746E-03       10.298E-03
  SPECIMEN-1          84               83      43.6746E-03       10.298E-03
  SPECIMEN-1          85               83               0.      -239.89E-39
  SPECIMEN-1          85               85               0.      -239.89E-39
  SPECIMEN-1          86               85               0.      -239.89E-39
  SPECIMEN-1          86               86               0.      -239.89E-39
  SPECIMEN-1          87               86               0.      -239.89E-39
  SPECIMEN-1          87               87               0.      -239.89E-39
  SPECIMEN-1          88              111     -820.589E-03     -28.4722E-03
  SPECIMEN-1          88              114     -820.589E-03     -28.4722E-03
  SPECIMEN-1          89               96      -719.66E-03     -58.7697E-03
  SPECIMEN-1          89              114      -719.66E-03     -58.7697E-03
  SPECIMEN-1          90              100     -574.437E-03      42.1071E-03
  SPECIMEN-1          90              101     -574.437E-03      42.1071E-03
  SPECIMEN-1          91              101      -800.68E-03      11.1558E-03
  SPECIMEN-1          91              102      -800.68E-03      11.1558E-03
  SPECIMEN-1          92              102              -1.      -599.75E-27
  SPECIMEN-1          92              104              -1.      -599.75E-27
  SPECIMEN-1          93              104              -1.      -599.75E-27
  SPECIMEN-1          93              105              -1.      -599.75E-27
  SPECIMEN-1          94              105              -1.      -599.75E-27
  SPECIMEN-1          94              106              -1.      -599.75E-27
  SPECIMEN-1          95              106     -947.402E-03      2.56561E-06
  SPECIMEN-1          95              108     -947.402E-03      2.56561E-06
  SPECIMEN-1          95              145     -947.402E-03      2.56561E-06
  SPECIMEN-1          95              146     -947.402E-03      2.56561E-06
  SPECIMEN-1          96              108     -908.382E-03     -7.82885E-06
  SPECIMEN-1          96              109     -908.382E-03     -7.82885E-06
  SPECIMEN-1          96              144     -908.382E-03     -7.82885E-06
  SPECIMEN-1          96              145     -908.382E-03     -7.82885E-06
  SPECIMEN-1          97              109     -878.749E-03     -30.3929E-06
  SPECIMEN-1          97              110     -878.749E-03     -30.3929E-06
  SPECIMEN-1          97              142     -878.749E-03     -30.3929E-06
  SPECIMEN-1          97              144     -878.749E-03     -30.3929E-06
  SPECIMEN-1          98              110     -861.634E-03      7.89342E-06
  SPECIMEN-1          98              111     -861.634E-03      7.89342E-06
  SPECIMEN-1          98              140     -861.634E-03      7.89342E-06
  SPECIMEN-1          98              142     -861.634E-03      7.89342E-06
  SPECIMEN-1          99              131      43.6873E-03     -10.2808E-03
  SPECIMEN-1          99              133      43.6873E-03     -10.2808E-03
  SPECIMEN-1         100              115      162.645E-03     -25.0788E-03
  SPECIMEN-1         100              133      162.645E-03     -25.0788E-03
  SPECIMEN-1         101              119      382.639E-03      102.068E-03
  SPECIMEN-1         101              120      382.639E-03      102.068E-03
  SPECIMEN-1         102              120       189.58E-03      105.874E-03
  SPECIMEN-1         102              121       189.58E-03      105.874E-03
  SPECIMEN-1         103              127               0.       281.85E-39
  SPECIMEN-1         103              129               0.       281.85E-39
  SPECIMEN-1         104              129               0.       281.85E-39
  SPECIMEN-1         104              130               0.       281.85E-39
  SPECIMEN-1         105              130               0.       281.85E-39
  SPECIMEN-1         105              131               0.       281.85E-39
  SPECIMEN-1         106              150     -800.689E-03     -11.1632E-03
  SPECIMEN-1         106              152     -800.689E-03     -11.1632E-03
  SPECIMEN-1         107              134     -574.468E-03     -42.0939E-03
  SPECIMEN-1         107              152     -574.468E-03     -42.0939E-03
  SPECIMEN-1         108              138     -719.586E-03      58.6342E-03
  SPECIMEN-1         108              139     -719.586E-03      58.6342E-03
  SPECIMEN-1         109              139     -820.533E-03      28.4001E-03
  SPECIMEN-1         109              140     -820.533E-03      28.4001E-03
  SPECIMEN-1         110              146              -1.      -599.75E-27
  SPECIMEN-1         110              148              -1.      -599.75E-27
  SPECIMEN-1         111              148              -1.      -599.75E-27
  SPECIMEN-1         111              149              -1.      -599.75E-27
  SPECIMEN-1         112              149              -1.      -599.75E-27
  SPECIMEN-1         112              150              -1.      -599.75E-27
  SPECIMEN-1         113                2      733.379E-03      48.2926E-03
  SPECIMEN-1         113                3      733.379E-03      48.2926E-03
  SPECIMEN-1         113               10      733.379E-03      48.2926E-03
  SPECIMEN-1         113               14      733.379E-03      48.2926E-03
  SPECIMEN-1         113               18      733.379E-03      48.2926E-03
  SPECIMEN-1         114                1      651.744E-03      45.6279E-03
  SPECIMEN-1         114                2      651.744E-03      45.6279E-03
  SPECIMEN-1         114               18      651.744E-03      45.6279E-03
  SPECIMEN-1         114               19      651.744E-03      45.6279E-03
  SPECIMEN-1         115                4      687.162E-03     -3.39439E-03
  SPECIMEN-1         115                5      687.162E-03     -3.39439E-03
  SPECIMEN-1         115                6      687.162E-03     -3.39439E-03
  SPECIMEN-1         115                8      687.162E-03     -3.39439E-03
  SPECIMEN-1         116                3      690.251E-03      24.0281E-03
  SPECIMEN-1         116                4      690.251E-03      24.0281E-03
  SPECIMEN-1         116                8      690.251E-03      24.0281E-03
  SPECIMEN-1         116               10      690.251E-03      24.0281E-03
  SPECIMEN-1         117               10      867.337E-03      32.4407E-03
  SPECIMEN-1         117               11      867.337E-03      32.4407E-03
  SPECIMEN-1         117               12      867.337E-03      32.4407E-03
  SPECIMEN-1         117               14      867.337E-03      32.4407E-03
  SPECIMEN-1         118               14      885.431E-03      41.9466E-03
  SPECIMEN-1         118               15      885.431E-03      41.9466E-03
  SPECIMEN-1         118               16      885.431E-03      41.9466E-03
  SPECIMEN-1         118               18      885.431E-03      41.9466E-03
  SPECIMEN-1         119                6      817.769E-03      10.8272E-03
  SPECIMEN-1         119                7      817.769E-03      10.8272E-03
  SPECIMEN-1         119                8      817.769E-03      10.8272E-03
  SPECIMEN-1         119                9      817.769E-03      10.8272E-03
  SPECIMEN-1         120                8      831.295E-03      27.1194E-03
  SPECIMEN-1         120                9      831.295E-03      27.1194E-03
  SPECIMEN-1         120               10      831.295E-03      27.1194E-03
  SPECIMEN-1         120               11      831.295E-03      27.1194E-03
  SPECIMEN-1         121               12      929.168E-03      24.3372E-03
  SPECIMEN-1         121               13      929.168E-03      24.3372E-03
  SPECIMEN-1         121               14      929.168E-03      24.3372E-03
  SPECIMEN-1         121               15      929.168E-03      24.3372E-03
  SPECIMEN-1         122               16      847.831E-03      41.0619E-03
  SPECIMEN-1         122               17      847.831E-03      41.0619E-03
  SPECIMEN-1         122               18      847.831E-03      41.0619E-03
  SPECIMEN-1         122               19      847.831E-03      41.0619E-03
  SPECIMEN-1         123               22     -174.192E-03      79.9882E-03
  SPECIMEN-1         123               23     -174.192E-03      79.9882E-03
  SPECIMEN-1         123               27     -174.192E-03      79.9882E-03
  SPECIMEN-1         123               31     -174.192E-03      79.9882E-03
  SPECIMEN-1         123               36     -174.192E-03      79.9882E-03
  SPECIMEN-1         124               21     -254.908E-03      90.9828E-03
  SPECIMEN-1         124               22     -254.908E-03      90.9828E-03
  SPECIMEN-1         124               36     -254.908E-03      90.9828E-03
  SPECIMEN-1         124               37     -254.908E-03      90.9828E-03
  SPECIMEN-1         125               20     -309.837E-03      97.7438E-03
  SPECIMEN-1         125               21     -309.837E-03      97.7438E-03
  SPECIMEN-1         125               37     -309.837E-03      97.7438E-03
  SPECIMEN-1         125               38     -309.837E-03      97.7438E-03
  SPECIMEN-1         126               23     -189.863E-03       32.685E-03
  SPECIMEN-1         126               24     -189.863E-03       32.685E-03
  SPECIMEN-1         126               25     -189.863E-03       32.685E-03
  SPECIMEN-1         126               27     -189.863E-03       32.685E-03
  SPECIMEN-1         127               27     -42.6881E-03      53.2212E-03
  SPECIMEN-1         127               28     -42.6881E-03      53.2212E-03
  SPECIMEN-1         127               29     -42.6881E-03      53.2212E-03
  SPECIMEN-1         127               31     -42.6881E-03      53.2212E-03
  SPECIMEN-1         128               31     -62.4289E-03      100.663E-03
  SPECIMEN-1         128               32     -62.4289E-03      100.663E-03
  SPECIMEN-1         128               33     -62.4289E-03      100.663E-03
  SPECIMEN-1         128               36     -62.4289E-03      100.663E-03
  SPECIMEN-1         129               25      -48.694E-03      31.8327E-03
  SPECIMEN-1         129               26      -48.694E-03      31.8327E-03
  SPECIMEN-1         129               27      -48.694E-03      31.8327E-03
  SPECIMEN-1         129               28      -48.694E-03      31.8327E-03
  SPECIMEN-1         130               29     -19.0971E-03      59.5344E-03
  SPECIMEN-1         130               30     -19.0971E-03      59.5344E-03
  SPECIMEN-1         130               31     -19.0971E-03      59.5344E-03
  SPECIMEN-1         130               32     -19.0971E-03      59.5344E-03
  SPECIMEN-1         131               33     -101.228E-03      124.651E-03
  SPECIMEN-1         131               34     -101.228E-03      124.651E-03
  SPECIMEN-1         131               36     -101.228E-03      124.651E-03
  SPECIMEN-1         131               37     -101.228E-03      124.651E-03
  SPECIMEN-1         132               34     -140.389E-03      127.154E-03
  SPECIMEN-1         132               35     -140.389E-03      127.154E-03
  SPECIMEN-1         132               37     -140.389E-03      127.154E-03
  SPECIMEN-1         132               38     -140.389E-03      127.154E-03
  SPECIMEN-1         133               40     -174.628E-03     -80.0937E-03
  SPECIMEN-1         133               41     -174.628E-03     -80.0937E-03
  SPECIMEN-1         133               48     -174.628E-03     -80.0937E-03
  SPECIMEN-1         133               52     -174.628E-03     -80.0937E-03
  SPECIMEN-1         133               56     -174.628E-03     -80.0937E-03
  SPECIMEN-1         134               39     -190.037E-03     -32.7519E-03
  SPECIMEN-1         134               40     -190.037E-03     -32.7519E-03
  SPECIMEN-1         134               56     -190.037E-03     -32.7519E-03
  SPECIMEN-1         134               57     -190.037E-03     -32.7519E-03
  SPECIMEN-1         135               42     -309.616E-03     -97.5547E-03
  SPECIMEN-1         135               43     -309.616E-03     -97.5547E-03
  SPECIMEN-1         135               44     -309.616E-03     -97.5547E-03
  SPECIMEN-1         135               46     -309.616E-03     -97.5547E-03
  SPECIMEN-1         136               41     -255.818E-03     -91.0826E-03
  SPECIMEN-1         136               42     -255.818E-03     -91.0826E-03
  SPECIMEN-1         136               46     -255.818E-03     -91.0826E-03
  SPECIMEN-1         136               48     -255.818E-03     -91.0826E-03
  SPECIMEN-1         137               48     -62.6164E-03     -100.879E-03
  SPECIMEN-1         137               49     -62.6164E-03     -100.879E-03
  SPECIMEN-1         137               50     -62.6164E-03     -100.879E-03
  SPECIMEN-1         137               52     -62.6164E-03     -100.879E-03
  SPECIMEN-1         138               52     -42.7331E-03     -53.2803E-03
  SPECIMEN-1         138               53     -42.7331E-03     -53.2803E-03
  SPECIMEN-1         138               54     -42.7331E-03     -53.2803E-03
  SPECIMEN-1         138               56     -42.7331E-03     -53.2803E-03
  SPECIMEN-1         139               44     -140.873E-03     -127.128E-03
  SPECIMEN-1         139               45     -140.873E-03     -127.128E-03
  SPECIMEN-1         139               46     -140.873E-03     -127.128E-03
  SPECIMEN-1         139               47     -140.873E-03     -127.128E-03
  SPECIMEN-1         140               46     -101.376E-03     -124.769E-03
  SPECIMEN-1         140               47     -101.376E-03     -124.769E-03
  SPECIMEN-1         140               48     -101.376E-03     -124.769E-03
  SPECIMEN-1         140               49     -101.376E-03     -124.769E-03
  SPECIMEN-1         141               50     -19.1417E-03     -59.6258E-03
  SPECIMEN-1         141               51     -19.1417E-03     -59.6258E-03
  SPECIMEN-1         141               52     -19.1417E-03     -59.6258E-03
  SPECIMEN-1         141               53     -19.1417E-03     -59.6258E-03
  SPECIMEN-1         142               54     -48.7448E-03     -31.8623E-03
  SPECIMEN-1         142               55     -48.7448E-03     -31.8623E-03
  SPECIMEN-1         142               56     -48.7448E-03     -31.8623E-03
  SPECIMEN-1         142               57     -48.7448E-03     -31.8623E-03
  SPECIMEN-1         143               60      733.659E-03     -48.3611E-03
  SPECIMEN-1         143               61      733.659E-03     -48.3611E-03
  SPECIMEN-1         143               65      733.659E-03     -48.3611E-03
  SPECIMEN-1         143               69      733.659E-03     -48.3611E-03
  SPECIMEN-1         143               74      733.659E-03     -48.3611E-03
  SPECIMEN-1         144               59      690.632E-03      -24.336E-03
  SPECIMEN-1         144               60      690.632E-03      -24.336E-03
  SPECIMEN-1         144               74      690.632E-03      -24.336E-03
  SPECIMEN-1         144               75      690.632E-03      -24.336E-03
  SPECIMEN-1         145               58      687.914E-03      3.84157E-03
  SPECIMEN-1         145               59      687.914E-03      3.84157E-03
  SPECIMEN-1         145               75      687.914E-03      3.84157E-03
  SPECIMEN-1         145               76      687.914E-03      3.84157E-03
  SPECIMEN-1         146               61      651.816E-03     -45.6446E-03
  SPECIMEN-1         146               62      651.816E-03     -45.6446E-03
  SPECIMEN-1         146               63      651.816E-03     -45.6446E-03
  SPECIMEN-1         146               65      651.816E-03     -45.6446E-03
  SPECIMEN-1         147               65      885.513E-03     -41.9177E-03
  SPECIMEN-1         147               66      885.513E-03     -41.9177E-03
  SPECIMEN-1         147               67      885.513E-03     -41.9177E-03
  SPECIMEN-1         147               69      885.513E-03     -41.9177E-03
  SPECIMEN-1         148               69      867.566E-03     -32.4649E-03
  SPECIMEN-1         148               70      867.566E-03     -32.4649E-03
  SPECIMEN-1         148               71      867.566E-03     -32.4649E-03
  SPECIMEN-1         148               74      867.566E-03     -32.4649E-03
  SPECIMEN-1         149               63       847.89E-03     -41.0394E-03
  SPECIMEN-1         149               64       847.89E-03     -41.0394E-03
  SPECIMEN-1         149               65       847.89E-03     -41.0394E-03
  SPECIMEN-1         149               66       847.89E-03     -41.0394E-03
  SPECIMEN-1         150               67       929.28E-03     -24.3229E-03
  SPECIMEN-1         150               68       929.28E-03     -24.3229E-03
  SPECIMEN-1         150               69       929.28E-03     -24.3229E-03
  SPECIMEN-1         150               70       929.28E-03     -24.3229E-03
  SPECIMEN-1         151               71      831.425E-03      -27.198E-03
  SPECIMEN-1         151               72      831.425E-03      -27.198E-03
  SPECIMEN-1         151               74      831.425E-03      -27.198E-03
  SPECIMEN-1         151               75      831.425E-03      -27.198E-03
  SPECIMEN-1         152               72      818.127E-03     -10.7025E-03
  SPECIMEN-1         152               73      818.127E-03     -10.7025E-03
  SPECIMEN-1         152               75      818.127E-03     -10.7025E-03
  SPECIMEN-1         152               76      818.127E-03     -10.7025E-03
  SPECIMEN-1         153               79      174.192E-03     -79.9882E-03
  SPECIMEN-1         153               80      174.192E-03     -79.9882E-03
  SPECIMEN-1         153               84      174.192E-03     -79.9882E-03
  SPECIMEN-1         153               88      174.192E-03     -79.9882E-03
  SPECIMEN-1         153               93      174.192E-03     -79.9882E-03
  SPECIMEN-1         154               78      254.908E-03     -90.9828E-03
  SPECIMEN-1         154               79      254.908E-03     -90.9828E-03
  SPECIMEN-1         154               93      254.908E-03     -90.9828E-03
  SPECIMEN-1         154               94      254.908E-03     -90.9828E-03
  SPECIMEN-1         155               77      309.837E-03     -97.7438E-03
  SPECIMEN-1         155               78      309.837E-03     -97.7438E-03
  SPECIMEN-1         155               94      309.837E-03     -97.7438E-03
  SPECIMEN-1         155               95      309.837E-03     -97.7438E-03
  SPECIMEN-1         156               80      189.863E-03      -32.685E-03
  SPECIMEN-1         156               81      189.863E-03      -32.685E-03
  SPECIMEN-1         156               82      189.863E-03      -32.685E-03
  SPECIMEN-1         156               84      189.863E-03      -32.685E-03
  SPECIMEN-1         157               84      42.6881E-03     -53.2212E-03
  SPECIMEN-1         157               85      42.6881E-03     -53.2212E-03
  SPECIMEN-1         157               86      42.6881E-03     -53.2212E-03
  SPECIMEN-1         157               88      42.6881E-03     -53.2212E-03
  SPECIMEN-1         158               88      62.4289E-03     -100.663E-03
  SPECIMEN-1         158               89      62.4289E-03     -100.663E-03
  SPECIMEN-1         158               90      62.4289E-03     -100.663E-03
  SPECIMEN-1         158               93      62.4289E-03     -100.663E-03
  SPECIMEN-1         159               82       48.694E-03     -31.8327E-03
  SPECIMEN-1         159               83       48.694E-03     -31.8327E-03
  SPECIMEN-1         159               84       48.694E-03     -31.8327E-03
  SPECIMEN-1         159               85       48.694E-03     -31.8327E-03
  SPECIMEN-1         160               86      19.0971E-03     -59.5344E-03
  SPECIMEN-1         160               87      19.0971E-03     -59.5344E-03
  SPECIMEN-1         160               88      19.0971E-03     -59.5344E-03
  SPECIMEN-1         160               89      19.0971E-03     -59.5344E-03
  SPECIMEN-1         161               90      101.228E-03     -124.651E-03
  SPECIMEN-1         161               91      101.228E-03     -124.651E-03
  SPECIMEN-1         161               93      101.228E-03     -124.651E-03
  SPECIMEN-1         161               94      101.228E-03     -124.651E-03
  SPECIMEN-1         162               91      140.389E-03     -127.154E-03
  SPECIMEN-1         162               92      140.389E-03     -127.154E-03
  SPECIMEN-1         162               94      140.389E-03     -127.154E-03
  SPECIMEN-1         162               95      140.389E-03     -127.154E-03
  SPECIMEN-1         163               98     -733.659E-03      48.3611E-03
  SPECIMEN-1         163               99     -733.659E-03      48.3611E-03
  SPECIMEN-1         163              103     -733.659E-03      48.3611E-03
  SPECIMEN-1         163              107     -733.659E-03      48.3611E-03
  SPECIMEN-1         163              112     -733.659E-03      48.3611E-03
  SPECIMEN-1         164               97     -690.632E-03       24.336E-03
  SPECIMEN-1         164               98     -690.632E-03       24.336E-03
  SPECIMEN-1         164              112     -690.632E-03       24.336E-03
  SPECIMEN-1         164              113     -690.632E-03       24.336E-03
  SPECIMEN-1         165               96     -687.914E-03     -3.84157E-03
  SPECIMEN-1         165               97     -687.914E-03     -3.84157E-03
  SPECIMEN-1         165              113     -687.914E-03     -3.84157E-03
  SPECIMEN-1         165              114     -687.914E-03     -3.84157E-03
  SPECIMEN-1         166               99     -651.816E-03      45.6446E-03
  SPECIMEN-1         166              100     -651.816E-03      45.6446E-03
  SPECIMEN-1         166              101     -651.816E-03      45.6446E-03
  SPECIMEN-1         166              103     -651.816E-03      45.6446E-03
  SPECIMEN-1         167              103     -885.513E-03      41.9177E-03
  SPECIMEN-1         167              104     -885.513E-03      41.9177E-03
  SPECIMEN-1         167              105     -885.513E-03      41.9177E-03
  SPECIMEN-1         167              107     -885.513E-03      41.9177E-03
  SPECIMEN-1         168              107     -867.566E-03      32.4649E-03
  SPECIMEN-1         168              108     -867.566E-03      32.4649E-03
  SPECIMEN-1         168              109     -867.566E-03      32.4649E-03
  SPECIMEN-1         168              112     -867.566E-03      32.4649E-03
  SPECIMEN-1         169              101      -847.89E-03      41.0394E-03
  SPECIMEN-1         169              102      -847.89E-03      41.0394E-03
  SPECIMEN-1         169              103      -847.89E-03      41.0394E-03
  SPECIMEN-1         169              104      -847.89E-03      41.0394E-03
  SPECIMEN-1         170              105      -929.28E-03      24.3229E-03
  SPECIMEN-1         170              106      -929.28E-03      24.3229E-03
  SPECIMEN-1         170              107      -929.28E-03      24.3229E-03
  SPECIMEN-1         170              108      -929.28E-03      24.3229E-03
  SPECIMEN-1         171              109     -831.425E-03       27.198E-03
  SPECIMEN-1         171              110     -831.425E-03       27.198E-03
  SPECIMEN-1         171              112     -831.425E-03       27.198E-03
  SPECIMEN-1         171              113     -831.425E-03       27.198E-03
  SPECIMEN-1         172              110     -818.127E-03      10.7025E-03
  SPECIMEN-1         172              111     -818.127E-03      10.7025E-03
  SPECIMEN-1         172              113     -818.127E-03      10.7025E-03
  SPECIMEN-1         172              114     -818.127E-03      10.7025E-03
  SPECIMEN-1         173              116      174.628E-03      80.0937E-03
  SPECIMEN-1         173              117      174.628E-03      80.0937E-03
  SPECIMEN-1         173              124      174.628E-03      80.0937E-03
  SPECIMEN-1         173              128      174.628E-03      80.0937E-03
  SPECIMEN-1         173              132      174.628E-03      80.0937E-03
  SPECIMEN-1         174              115      190.037E-03      32.7519E-03
  SPECIMEN-1         174              116      190.037E-03      32.7519E-03
  SPECIMEN-1         174              132      190.037E-03      32.7519E-03
  SPECIMEN-1         174              133      190.037E-03      32.7519E-03
  SPECIMEN-1         175              118      309.616E-03      97.5547E-03
  SPECIMEN-1         175              119      309.616E-03      97.5547E-03
  SPECIMEN-1         175              120      309.616E-03      97.5547E-03
  SPECIMEN-1         175              122      309.616E-03      97.5547E-03
  SPECIMEN-1         176              117      255.818E-03      91.0826E-03
  SPECIMEN-1         176              118      255.818E-03      91.0826E-03
  SPECIMEN-1         176              122      255.818E-03      91.0826E-03
  SPECIMEN-1         176              124      255.818E-03      91.0826E-03
  SPECIMEN-1         177              124      62.6164E-03      100.879E-03
  SPECIMEN-1         177              125      62.6164E-03      100.879E-03
  SPECIMEN-1         177              126      62.6164E-03      100.879E-03
  SPECIMEN-1         177              128      62.6164E-03      100.879E-03
  SPECIMEN-1         178              128      42.7331E-03      53.2803E-03
  SPECIMEN-1         178              129      42.7331E-03      53.2803E-03
  SPECIMEN-1         178              130      42.7331E-03      53.2803E-03
  SPECIMEN-1         178              132      42.7331E-03      53.2803E-03
  SPECIMEN-1         179              120      140.873E-03      127.128E-03
  SPECIMEN-1         179              121      140.873E-03      127.128E-03
  SPECIMEN-1         179              122      140.873E-03      127.128E-03
  SPECIMEN-1         179              123      140.873E-03      127.128E-03
  SPECIMEN-1         180              122      101.376E-03      124.769E-03
  SPECIMEN-1         180              123      101.376E-03      124.769E-03
  SPECIMEN-1         180              124      101.376E-03      124.769E-03
  SPECIMEN-1         180              125      101.376E-03      124.769E-03
  SPECIMEN-1         181              126      19.1417E-03      59.6258E-03
  SPECIMEN-1         181              127      19.1417E-03      59.6258E-03
  SPECIMEN-1         181              128      19.1417E-03      59.6258E-03
  SPECIMEN-1         181              129      19.1417E-03      59.6258E-03
  SPECIMEN-1         182              130      48.7448E-03      31.8623E-03
  SPECIMEN-1         182              131      48.7448E-03      31.8623E-03
  SPECIMEN-1         182              132      48.7448E-03      31.8623E-03
  SPECIMEN-1         182              133      48.7448E-03      31.8623E-03
  SPECIMEN-1         183              135     -733.379E-03     -48.2926E-03
  SPECIMEN-1         183              136     -733.379E-03     -48.2926E-03
  SPECIMEN-1         183              143     -733.379E-03     -48.2926E-03
  SPECIMEN-1         183              147     -733.379E-03     -48.2926E-03
  SPECIMEN-1         183              151     -733.379E-03     -48.2926E-03
  SPECIMEN-1         184              134     -651.744E-03     -45.6279E-03
  SPECIMEN-1         184              135     -651.744E-03     -45.6279E-03
  SPECIMEN-1         184              151     -651.744E-03     -45.6279E-03
  SPECIMEN-1         184              152     -651.744E-03     -45.6279E-03
  SPECIMEN-1         185              137     -687.162E-03      3.39439E-03
  SPECIMEN-1         185              138     -687.162E-03      3.39439E-03
  SPECIMEN-1         185              139     -687.162E-03      3.39439E-03
  SPECIMEN-1         185              141     -687.162E-03      3.39439E-03
  SPECIMEN-1         186              136     -690.251E-03     -24.0281E-03
  SPECIMEN-1         186              137     -690.251E-03     -24.0281E-03
  SPECIMEN-1         186              141     -690.251E-03     -24.0281E-03
  SPECIMEN-1         186              143     -690.251E-03     -24.0281E-03
  SPECIMEN-1         187              143     -867.337E-03     -32.4407E-03
  SPECIMEN-1         187              144     -867.337E-03     -32.4407E-03
  SPECIMEN-1         187              145     -867.337E-03     -32.4407E-03
  SPECIMEN-1         187              147     -867.337E-03     -32.4407E-03
  SPECIMEN-1         188              147     -885.431E-03     -41.9466E-03
  SPECIMEN-1         188              148     -885.431E-03     -41.9466E-03
  SPECIMEN-1         188              149     -885.431E-03     -41.9466E-03
  SPECIMEN-1         188              151     -885.431E-03     -41.9466E-03
  SPECIMEN-1         189              139     -817.769E-03     -10.8272E-03
  SPECIMEN-1         189              140     -817.769E-03     -10.8272E-03
  SPECIMEN-1         189              141     -817.769E-03     -10.8272E-03
  SPECIMEN-1         189              142     -817.769E-03     -10.8272E-03
  SPECIMEN-1         190              141     -831.295E-03     -27.1194E-03
  SPECIMEN-1         190              142     -831.295E-03     -27.1194E-03
  SPECIMEN-1         190              143     -831.295E-03     -27.1194E-03
  SPECIMEN-1         190              144     -831.295E-03     -27.1194E-03
  SPECIMEN-1         191              145     -929.168E-03     -24.3372E-03
  SPECIMEN-1         191              146     -929.168E-03     -24.3372E-03
  SPECIMEN-1         191              147     -929.168E-03     -24.3372E-03
  SPECIMEN-1         191              148     -929.168E-03     -24.3372E-03
  SPECIMEN-1         192              149     -847.831E-03     -41.0619E-03
  SPECIMEN-1         192              150     -847.831E-03     -41.0619E-03
  SPECIMEN-1         192              151     -847.831E-03     -41.0619E-03
  SPECIMEN-1         192              152     -847.831E-03     -41.0619E-03


